/*--------------------------------*- C++ -*----------------------------------*\
  =========                 |
  \\      /  F ield         | OpenFOAM: The Open Source CFD Toolbox
   \\    /   O peration     | Website:  https://openfoam.org
    \\  /    A nd           | Version:  12
     \\/     M anipulation  |
\*---------------------------------------------------------------------------*/
/*   Windows 32 and 64 bit porting by blueCAPE: http://www.bluecape.com.pt   *\
|  Based on Windows porting (2.0.x v4) by Symscape: http://www.symscape.com   |
\*---------------------------------------------------------------------------*/
FoamFile
{
    format      ascii;
    class       cellSet;
    location    "constant/polyMesh/sets";
    object      meshProtectedCells;
}
// * * * * * * * * * * * * * * * * * * * * * * * * * * * * * * * * * * * * * //


1988
(
0 
1 
2 
3 
4 
5 
6 
7 
8 
9 
10 
11 
12 
13 
14 
15 
16 
17 
18 
19 
20 
21 
22 
23 
24 
25 
26 
27 
29 
30 
32 
33 
8226 
34 
35 
37 
38 
39 
40 
42 
44 
45 
46 
47 
48 
49 
8242 
50 
51 
52 
53 
54 
57 
58 
61 
62 
63 
8257 
65 
66 
67 
68 
70 
73 
76 
77 
78 
8271 
79 
80 
81 
82 
83 
84 
87 
88 
4185 
4186 
91 
8284 
92 
94 
95 
96 
97 
99 
102 
8296 
4202 
106 
110 
111 
112 
113 
114 
8307 
117 
118 
4215 
121 
122 
124 
8317 
125 
126 
127 
129 
4227 
132 
8326 
136 
8334 
4238 
145 
146 
147 
148 
8341 
149 
4248 
152 
153 
8346 
156 
4253 
157 
8350 
159 
160 
8353 
4257 
161 
162 
4258 
8355 
4259 
163 
8356 
4260 
8357 
4261 
165 
4262 
8358 
8359 
4263 
4264 
8360 
168 
4265 
8361 
4266 
8362 
8363 
4267 
8364 
4268 
172 
8365 
4269 
8366 
4270 
8367 
4271 
8368 
4272 
8369 
4273 
8370 
4274 
8371 
4275 
8372 
4276 
8373 
4277 
8374 
4278 
4279 
8375 
8376 
4280 
8377 
8378 
186 
187 
4283 
188 
189 
190 
4287 
193 
194 
4292 
197 
198 
200 
201 
202 
4298 
203 
204 
205 
207 
4305 
210 
214 
4313 
219 
4322 
234 
235 
236 
4332 
237 
238 
241 
242 
245 
246 
4343 
248 
249 
250 
251 
252 
8445 
253 
254 
256 
4355 
259 
263 
268 
8461 
4368 
274 
8476 
4382 
290 
291 
292 
293 
294 
297 
8490 
298 
301 
4397 
302 
304 
305 
306 
307 
308 
309 
310 
8503 
311 
313 
316 
4413 
320 
8515 
325 
331 
8526 
338 
8536 
8545 
355 
356 
357 
358 
359 
8553 
362 
363 
366 
367 
8560 
369 
370 
371 
372 
373 
8566 
374 
375 
376 
377 
8570 
379 
8573 
382 
8575 
8576 
8577 
8578 
386 
8579 
8580 
8581 
8582 
8583 
391 
8584 
8585 
8586 
4490 
8587 
8588 
8589 
397 
8590 
8591 
8592 
8593 
8594 
8595 
8596 
404 
8597 
4504 
4505 
412 
4519 
430 
431 
432 
433 
434 
4531 
437 
438 
441 
442 
444 
445 
4542 
446 
447 
448 
449 
450 
451 
452 
453 
455 
8648 
4552 
458 
462 
4561 
467 
4565 
8664 
4568 
4569 
473 
4570 
4571 
4572 
4573 
4574 
4575 
4576 
480 
4577 
4578 
4579 
4580 
4581 
4582 
8679 
4583 
4584 
488 
4585 
4586 
4587 
4588 
4589 
4590 
4591 
497 
4595 
8693 
4600 
4606 
8706 
516 
517 
4613 
518 
519 
520 
523 
524 
525 
4621 
8718 
526 
527 
528 
529 
531 
532 
533 
534 
4630 
535 
536 
8729 
537 
538 
539 
540 
541 
542 
543 
4640 
545 
546 
8739 
547 
550 
552 
4651 
8748 
557 
563 
8756 
4663 
570 
8763 
8769 
578 
4676 
8774 
8777 
8779 
587 
8780 
8781 
8782 
8783 
8784 
8785 
8786 
4690 
8787 
8788 
8789 
597 
8790 
8791 
8792 
8793 
8794 
8795 
8796 
8797 
8798 
8799 
8800 
4705 
617 
618 
619 
620 
621 
623 
624 
625 
4721 
626 
627 
628 
629 
630 
631 
632 
633 
635 
636 
637 
638 
639 
640 
641 
8834 
642 
643 
644 
645 
646 
647 
649 
650 
651 
652 
655 
656 
657 
8850 
658 
659 
663 
664 
667 
8865 
673 
680 
8879 
688 
697 
8892 
4800 
707 
8904 
4814 
718 
8915 
4827 
4828 
8925 
739 
740 
741 
8934 
742 
743 
4840 
744 
745 
746 
747 
748 
749 
8942 
750 
752 
753 
754 
4851 
755 
756 
8949 
757 
758 
759 
760 
761 
762 
8955 
763 
4861 
765 
767 
8960 
768 
769 
770 
771 
8964 
8966 
4870 
774 
8967 
775 
8968 
776 
8969 
8970 
8971 
8972 
780 
8973 
781 
8974 
782 
4878 
8975 
783 
8976 
784 
8977 
4881 
8978 
8979 
4883 
8980 
4884 
8981 
789 
4885 
8982 
4886 
8983 
4887 
8984 
4888 
8985 
4889 
793 
4890 
8986 
4891 
4892 
4893 
4894 
4895 
4896 
800 
4897 
4898 
4899 
4900 
4901 
4902 
4903 
4904 
808 
4905 
4906 
9003 
4911 
817 
4917 
9019 
827 
4924 
4932 
838 
9034 
4941 
4951 
9048 
4962 
9061 
871 
872 
873 
874 
875 
876 
877 
878 
4974 
880 
9073 
881 
882 
883 
884 
885 
886 
887 
888 
889 
890 
4987 
891 
9084 
892 
894 
897 
900 
901 
9094 
902 
903 
5001 
907 
908 
9103 
913 
914 
915 
916 
9111 
5016 
9118 
926 
9124 
934 
5032 
9129 
9133 
943 
9136 
9137 
9138 
9139 
9140 
9141 
9142 
9143 
9144 
9145 
953 
9146 
9147 
9148 
9149 
9150 
9151 
9152 
9153 
9154 
9155 
964 
9171 
9186 
5098 
9200 
1009 
1010 
1011 
1013 
1014 
1016 
5113 
1017 
1018 
1019 
1020 
9213 
1021 
1022 
1023 
1024 
1025 
1026 
1027 
1028 
1029 
5127 
1031 
9225 
1034 
1038 
1042 
9236 
5140 
1047 
1053 
9246 
5152 
9255 
1064 
5163 
9263 
1073 
5173 
9270 
1083 
9276 
5182 
9281 
9285 
5190 
1094 
9288 
9290 
9291 
9292 
9293 
5197 
9294 
9295 
5199 
9296 
5200 
9297 
5201 
9298 
5202 
1106 
9299 
5203 
9300 
5204 
9301 
5205 
9302 
5206 
9303 
5207 
9304 
5208 
5209 
9305 
5210 
9306 
5211 
5212 
5213 
5214 
5215 
5216 
5217 
5218 
5219 
5220 
5221 
5222 
9321 
5228 
5235 
9335 
5243 
1152 
1153 
1154 
1155 
9348 
1156 
5252 
1158 
1159 
1160 
1161 
1162 
1163 
1164 
1165 
1166 
5262 
1167 
9360 
1168 
1169 
1170 
1171 
1172 
1174 
5273 
1177 
9371 
1181 
1186 
9381 
5285 
1191 
1197 
9390 
5298 
1204 
9398 
9405 
5312 
1216 
9411 
9416 
1226 
9420 
9423 
5327 
9425 
9426 
9427 
9428 
9429 
1237 
9430 
9431 
9432 
9433 
9434 
9435 
9436 
9437 
9438 
9439 
5343 
9440 
9441 
1249 
1262 
9455 
9468 
9480 
9491 
9501 
1309 
1310 
1311 
1312 
1313 
5410 
1315 
1316 
1317 
9510 
1318 
1319 
1320 
1321 
1322 
1323 
1324 
1325 
9518 
1326 
1327 
1328 
5425 
1329 
1330 
1332 
9525 
1335 
9531 
1339 
5439 
9536 
1344 
9540 
1350 
9543 
9545 
9546 
9547 
9548 
5452 
1356 
9549 
9550 
9551 
9552 
9553 
9554 
9555 
1363 
9556 
9557 
9558 
9559 
5464 
9560 
1371 
5475 
9573 
1384 
5485 
9585 
1395 
5494 
9596 
5502 
1407 
5509 
9606 
5515 
5516 
1420 
5517 
5518 
9615 
5519 
5520 
5521 
5522 
5523 
5524 
5525 
5526 
9623 
5527 
5528 
5529 
5530 
1434 
5531 
5532 
5533 
5534 
9630 
5535 
5536 
5537 
5538 
9636 
9641 
5545 
9645 
9648 
5553 
9650 
9651 
9652 
9653 
9654 
9655 
9656 
9657 
9658 
5562 
9659 
9660 
9661 
9662 
9663 
9664 
5572 
1482 
1483 
9676 
1484 
1485 
1486 
5583 
1488 
1489 
1490 
1491 
1492 
1493 
1494 
9687 
1495 
1496 
1497 
1498 
1499 
5595 
1500 
1501 
1502 
1503 
1504 
9697 
1506 
1509 
5608 
1513 
9706 
1518 
9714 
1524 
5622 
9721 
1531 
9727 
1538 
9732 
5637 
9736 
1546 
9739 
9741 
9742 
9743 
9744 
9745 
9746 
9747 
1555 
9748 
9749 
5653 
9750 
9751 
9752 
9753 
9754 
1569 
9765 
1581 
9775 
9784 
1594 
9792 
9799 
1608 
9805 
9810 
9814 
1623 
5720 
9817 
9819 
9820 
9821 
9822 
9823 
9824 
9825 
9826 
9827 
9828 
9829 
9830 
9831 
5736 
9841 
5750 
9850 
9858 
5763 
1672 
9865 
1673 
1674 
1675 
1676 
1677 
1678 
9871 
5775 
1679 
1680 
1681 
1682 
1683 
9876 
1684 
1685 
1686 
1687 
9880 
1688 
1689 
5786 
1690 
9883 
1691 
1692 
9885 
1693 
9886 
1694 
9887 
9888 
1696 
9889 
9890 
9891 
1699 
9892 
5796 
9893 
9894 
9895 
1703 
9896 
1708 
5805 
9905 
1714 
5813 
9913 
1721 
5820 
9920 
1729 
5826 
9926 
5831 
5832 
5833 
1737 
5834 
9931 
5835 
5836 
5837 
5838 
9935 
5839 
5840 
5841 
9938 
5842 
1746 
5843 
9940 
5844 
9941 
5845 
9942 
5846 
5847 
9943 
5848 
9944 
5849 
9945 
5850 
9946 
5851 
9947 
5852 
9948 
1756 
9949 
5853 
9950 
5861 
9958 
1771 
9965 
5870 
9971 
9976 
1784 
5880 
9980 
9983 
9985 
9986 
9987 
5891 
9988 
9989 
9990 
1798 
9991 
9992 
9993 
9994 
5903 
10001 
1813 
10007 
10012 
5916 
10016 
10019 
10021 
10022 
10023 
10024 
10025 
10026 
5930 
10027 
10028 
10029 
10035 
10040 
5945 
10044 
10047 
10049 
10050 
10051 
10052 
10053 
10054 
10055 
10056 
5961 
10061 
10065 
1873 
10068 
1877 
10070 
1878 
10071 
1879 
10072 
1880 
10073 
1881 
10074 
1882 
1883 
10075 
1884 
10076 
1885 
1886 
1887 
10080 
1888 
1889 
1890 
10083 
1891 
1892 
10085 
1893 
10086 
1894 
10087 
1895 
10088 
1896 
1897 
10089 
10090 
1898 
1899 
10093 
1901 
10095 
10096 
1904 
10097 
10098 
10099 
1908 
10101 
10102 
10103 
10104 
10105 
1913 
10106 
1919 
1926 
6028 
1934 
1943 
6044 
1952 
1962 
6059 
1973 
6072 
6084 
1989 
6095 
2003 
6105 
6114 
2018 
6122 
6129 
6135 
6140 
6144 
6145 
6146 
6147 
6148 
6149 
6150 
6151 
6152 
6153 
6154 
6155 
6156 
6157 
6158 
6159 
6160 
6161 
6162 
6163 
6164 
6165 
6166 
6175 
2089 
6185 
2093 
2096 
2097 
2098 
2099 
2100 
6196 
2101 
2102 
2103 
2104 
2105 
2106 
2107 
2108 
2109 
2110 
2111 
2112 
6208 
2113 
2114 
2115 
2116 
2117 
2118 
2120 
2123 
6221 
2127 
2132 
2138 
6235 
2145 
2153 
6250 
2162 
6266 
2172 
2182 
2193 
2205 
2222 
6333 
2237 
6349 
6364 
6378 
6390 
6401 
2312 
6411 
2323 
6420 
2326 
2328 
2329 
2330 
2331 
6428 
2332 
2333 
2334 
2335 
2336 
2337 
2338 
6435 
2339 
2340 
2341 
2342 
2343 
2344 
6441 
2345 
2346 
2347 
2348 
2349 
6446 
2350 
2352 
6450 
2355 
6453 
6454 
6455 
2359 
6456 
6457 
6458 
6459 
6460 
2364 
6461 
6462 
6463 
6464 
6465 
2370 
6466 
6467 
6468 
6469 
6470 
6471 
6472 
6473 
2377 
6474 
6475 
2385 
6485 
2394 
6496 
2404 
6508 
2415 
6521 
2426 
2438 
6535 
2451 
6550 
2469 
6566 
6633 
2548 
6649 
2559 
6664 
2569 
2571 
2572 
2573 
2574 
2575 
2576 
2577 
2578 
2579 
2580 
2581 
6678 
2582 
2583 
2584 
2585 
2586 
2587 
2588 
2589 
2590 
2591 
2592 
2593 
2594 
6691 
2596 
2599 
2603 
6702 
2608 
2614 
6712 
2621 
6721 
2629 
6729 
2638 
6736 
6742 
2648 
6747 
6751 
6754 
2659 
6756 
6757 
6758 
6759 
6760 
6761 
6762 
6763 
6764 
6765 
6766 
6767 
2671 
6768 
6769 
6770 
6771 
6772 
6773 
6774 
6775 
6776 
6777 
6778 
2683 
6789 
2696 
6801 
2710 
6814 
6828 
6843 
6859 
2792 
2807 
2817 
2826 
2827 
2828 
2829 
6926 
2830 
2831 
2832 
2833 
2834 
2835 
2836 
2837 
2838 
2839 
2840 
2841 
2842 
2843 
2844 
2845 
6942 
2846 
2847 
2848 
2849 
2851 
2854 
2858 
6957 
2863 
2869 
6971 
2876 
2884 
6984 
2893 
6996 
2903 
7006 
2914 
7015 
2926 
7023 
7030 
2939 
7036 
7041 
7045 
7048 
2952 
7050 
7051 
7052 
7053 
7054 
7055 
7056 
7057 
7058 
7059 
7060 
7061 
2966 
7062 
7063 
7064 
7065 
7066 
7067 
7068 
7069 
7070 
7071 
7072 
7073 
7085 
7098 
7112 
7127 
3047 
7143 
3062 
3076 
3085 
3093 
3094 
3095 
3096 
3097 
3098 
3099 
3100 
3101 
3102 
3103 
3104 
3105 
3106 
3107 
3108 
3109 
3110 
3111 
3112 
3113 
7210 
3114 
3115 
3117 
3120 
3124 
3129 
7226 
3135 
3142 
7241 
3150 
7255 
3159 
3169 
7268 
3180 
7280 
3192 
7291 
7300 
3205 
7308 
7315 
3219 
7321 
7326 
3233 
7330 
7333 
7335 
7336 
7337 
7338 
7339 
7340 
7341 
7342 
7343 
7344 
7345 
7346 
7347 
7348 
7349 
7350 
7351 
7352 
7353 
7354 
7355 
7356 
7357 
7358 
7371 
7385 
7400 
3313 
7416 
3328 
3342 
3355 
3363 
3370 
3371 
3372 
3373 
3374 
3375 
3376 
3377 
3378 
3379 
3380 
3381 
3382 
3383 
3384 
3385 
3386 
7483 
3387 
3388 
3389 
3390 
3391 
3392 
3394 
3397 
3401 
7499 
3406 
3412 
7514 
3419 
3427 
7528 
3436 
7541 
3446 
7553 
3457 
7564 
3469 
7574 
3482 
7582 
7589 
3496 
7595 
7600 
7604 
7607 
3511 
7609 
7610 
7611 
7612 
7613 
7614 
7615 
7616 
7617 
7618 
7619 
7620 
7621 
7622 
7623 
7624 
7625 
7626 
7627 
7628 
7629 
7630 
7631 
7632 
7646 
7661 
7677 
3590 
3605 
3619 
3632 
3644 
7744 
3651 
3657 
3658 
3659 
3660 
3661 
3662 
3663 
7760 
3664 
3665 
3666 
3667 
3668 
3669 
3670 
3671 
3672 
3673 
3674 
3675 
3676 
3677 
3678 
7775 
3679 
3681 
3684 
3688 
7789 
3693 
3699 
7802 
3706 
3714 
7814 
3723 
7825 
3733 
7835 
3744 
7844 
7851 
3756 
7857 
7862 
3769 
7866 
7869 
7871 
7872 
7873 
7874 
7875 
7876 
7877 
7878 
7879 
3783 
7880 
7881 
7882 
7883 
7884 
7885 
7886 
7887 
7888 
7889 
7890 
7891 
7892 
7893 
3798 
7894 
7909 
7925 
3874 
3892 
7992 
3906 
8008 
3919 
8023 
3931 
8037 
3942 
3948 
3953 
8050 
3954 
3955 
3956 
3957 
3958 
3959 
3960 
3961 
3962 
3963 
3964 
3965 
8062 
3966 
3967 
3968 
3969 
3970 
3971 
3972 
3973 
3974 
3975 
8073 
3977 
3980 
3984 
8083 
3989 
3995 
8092 
4002 
8100 
8106 
4010 
8111 
8115 
4019 
8118 
8120 
8121 
8122 
8123 
8124 
8125 
4029 
8126 
8127 
8128 
8129 
8130 
8131 
8132 
8133 
8134 
8135 
8136 
4040 
8137 
8138 
8139 
8140 
8141 
8142 
8143 
4052 
8159 
4065 
4079 
4094 
)

// ************************************************************************* //
