/*--------------------------------*- C++ -*----------------------------------*\
  =========                 |
  \\      /  F ield         | OpenFOAM: The Open Source CFD Toolbox
   \\    /   O peration     | Website:  https://openfoam.org
    \\  /    A nd           | Version:  12
     \\/     M anipulation  |
\*---------------------------------------------------------------------------*/
/*   Windows 32 and 64 bit porting by blueCAPE: http://www.bluecape.com.pt   *\
|  Based on Windows porting (2.0.x v4) by Symscape: http://www.symscape.com   |
\*---------------------------------------------------------------------------*/
FoamFile
{
    format      ascii;
    class       cellSet;
    location    "constant/polyMesh/sets";
    object      meshProtectedCells;
}
// * * * * * * * * * * * * * * * * * * * * * * * * * * * * * * * * * * * * * //


1361
(
0 
1 
2 
3 
4 
4101 
5 
6 
7 
8200 
9 
10 
11 
12 
13 
15 
16 
8210 
19 
20 
21 
22 
23 
4120 
25 
26 
8219 
29 
30 
34 
8227 
35 
36 
37 
38 
40 
41 
4138 
8234 
44 
4141 
45 
8240 
49 
50 
8245 
55 
4152 
56 
4153 
8249 
57 
8250 
58 
59 
61 
62 
65 
66 
4165 
4166 
70 
71 
76 
77 
8269 
8270 
83 
4179 
4180 
84 
85 
86 
87 
89 
90 
93 
94 
8289 
8290 
98 
4194 
4195 
99 
104 
105 
111 
112 
4210 
4211 
8309 
119 
120 
121 
122 
123 
125 
126 
129 
130 
4227 
4228 
134 
135 
8328 
140 
141 
147 
148 
4245 
4246 
8346 
155 
156 
164 
165 
166 
167 
168 
4264 
4265 
170 
171 
8363 
174 
175 
179 
180 
185 
186 
8379 
4284 
4285 
192 
193 
200 
201 
8394 
4304 
4305 
209 
210 
8408 
219 
220 
221 
222 
223 
225 
226 
4324 
4325 
229 
8421 
230 
234 
235 
240 
8432 
241 
247 
248 
4344 
4345 
8442 
255 
256 
8451 
264 
265 
8459 
4364 
4365 
274 
8466 
275 
8472 
285 
8477 
286 
287 
288 
4384 
4385 
289 
8481 
291 
292 
8484 
8485 
295 
296 
300 
301 
306 
307 
4404 
4405 
8504 
8505 
313 
314 
321 
322 
4424 
330 
331 
8524 
340 
341 
4443 
351 
8543 
352 
363 
364 
4461 
365 
366 
367 
369 
8561 
370 
373 
374 
378 
379 
4478 
4480 
384 
385 
8578 
391 
392 
4492 
4493 
399 
400 
8594 
408 
409 
4506 
4507 
8609 
418 
419 
4521 
4522 
429 
430 
8623 
441 
4537 
4538 
442 
8636 
454 
8647 
455 
456 
457 
458 
4554 
4555 
460 
461 
464 
465 
8657 
469 
470 
8666 
475 
476 
4572 
4573 
482 
8674 
483 
8681 
490 
491 
8687 
4591 
4592 
499 
500 
8692 
8696 
8699 
509 
8701 
8702 
510 
4611 
4612 
520 
521 
8721 
532 
533 
4631 
4632 
545 
546 
8740 
4651 
4652 
559 
560 
561 
562 
563 
565 
566 
8758 
569 
570 
574 
575 
4671 
4672 
580 
581 
8775 
587 
588 
595 
4691 
596 
4692 
8791 
604 
605 
614 
8806 
615 
4711 
4712 
625 
626 
8820 
4731 
4732 
637 
638 
8833 
650 
651 
8844 
4751 
8854 
664 
665 
8863 
4770 
679 
8871 
680 
681 
682 
683 
685 
686 
8878 
689 
690 
4788 
8884 
694 
695 
8889 
700 
701 
8893 
8896 
8898 
707 
8899 
708 
4805 
715 
716 
724 
725 
4821 
4822 
8918 
734 
735 
4835 
4836 
8936 
745 
746 
4850 
4851 
757 
758 
8953 
770 
4866 
4867 
771 
8969 
784 
785 
4883 
4884 
8984 
799 
800 
4901 
4902 
8998 
815 
816 
817 
818 
819 
9011 
821 
822 
4920 
4921 
825 
826 
830 
9022 
831 
836 
837 
9032 
843 
844 
4940 
4941 
9041 
851 
852 
9049 
860 
861 
4960 
9056 
4961 
870 
9062 
871 
9067 
9071 
881 
882 
9074 
4980 
9076 
4981 
9077 
893 
894 
9095 
5000 
5001 
906 
907 
920 
9112 
921 
5020 
5021 
935 
936 
9128 
5040 
5041 
951 
9143 
952 
5060 
5061 
9157 
968 
969 
970 
971 
972 
974 
975 
978 
9170 
979 
983 
984 
5080 
989 
9181 
990 
996 
997 
9191 
5099 
1004 
1005 
9200 
1013 
1014 
9208 
5117 
1023 
9215 
1024 
9221 
1034 
9226 
1035 
5134 
9230 
9233 
9235 
9236 
1046 
1047 
5150 
1059 
1060 
9253 
5165 
5166 
1073 
1074 
9269 
5180 
5181 
1088 
1089 
9284 
5196 
5197 
1104 
1105 
9298 
5213 
5214 
9311 
1121 
1122 
9322 
5231 
5232 
1139 
9332 
1140 
1141 
1142 
1143 
1145 
1146 
1149 
9341 
1150 
1154 
5250 
5251 
1155 
9349 
1160 
1161 
9356 
1167 
1168 
9362 
5270 
5271 
1175 
9367 
1176 
9371 
9374 
1184 
9376 
1185 
9377 
1194 
5290 
5291 
1195 
9393 
1205 
1206 
5310 
5311 
9408 
1217 
1218 
1230 
9422 
1231 
5330 
5331 
9435 
1244 
1245 
5350 
9446 
5351 
1259 
1260 
9456 
9465 
5370 
5371 
1275 
1276 
9473 
9480 
1292 
1293 
5390 
9486 
5391 
9491 
9495 
9498 
9500 
9501 
1310 
1311 
5410 
9516 
1329 
1330 
1331 
1332 
1333 
5429 
1335 
1336 
9530 
1339 
1340 
1344 
1345 
1350 
1351 
5447 
9543 
1357 
1358 
9554 
1365 
1366 
5464 
9564 
1374 
1375 
9573 
1384 
5480 
1385 
9581 
1395 
1396 
9588 
5495 
9594 
1407 
9599 
1408 
9603 
5509 
5510 
9606 
9608 
9609 
1420 
1421 
5525 
5526 
9623 
1434 
1435 
9636 
5542 
5543 
1449 
1450 
9647 
5560 
5561 
1465 
9657 
1466 
9666 
1482 
9674 
1483 
5579 
5580 
9681 
9687 
1500 
9692 
1501 
5599 
5600 
9696 
9699 
9701 
9702 
1519 
1520 
5619 
9715 
5620 
9726 
1539 
1540 
1541 
1542 
5639 
5640 
1544 
9736 
1545 
1548 
1549 
1553 
9745 
1554 
1559 
1560 
9753 
5659 
5660 
1566 
1567 
9760 
1574 
9766 
1575 
9771 
1583 
5679 
9775 
1584 
5680 
9778 
9780 
9781 
1593 
1594 
9792 
5699 
5700 
1604 
1605 
9802 
1616 
1617 
9811 
5719 
5720 
9819 
1629 
1630 
9826 
9832 
1643 
5739 
1644 
9837 
9841 
9844 
9846 
9847 
1658 
1659 
5758 
9857 
1674 
9866 
1675 
5776 
9874 
9881 
1691 
1692 
9887 
5793 
9892 
9896 
9899 
1709 
9901 
1710 
9902 
5809 
9911 
9919 
5824 
1728 
1729 
9926 
9932 
5838 
9937 
1748 
1749 
9941 
9944 
9946 
5851 
9947 
5852 
9955 
1768 
1769 
9962 
1771 
1772 
5868 
5869 
1775 
1776 
9968 
1780 
1781 
9973 
9977 
1786 
1787 
9980 
5886 
9982 
5887 
9983 
1793 
1794 
9990 
1801 
1802 
9996 
10001 
5905 
5906 
1810 
1811 
10005 
10008 
10010 
10011 
1820 
1821 
10017 
5925 
5926 
10022 
1831 
1832 
10026 
10029 
10031 
10032 
1843 
1844 
10037 
5945 
10041 
5946 
10044 
10046 
10047 
1856 
1857 
10051 
10054 
10056 
10057 
10060 
5965 
5966 
1870 
10062 
1871 
10063 
10065 
10066 
10067 
1885 
1886 
5985 
5986 
1901 
1902 
6005 
6006 
1918 
1919 
6025 
6026 
1936 
1937 
6045 
6046 
1955 
1956 
6065 
1975 
1976 
6084 
1995 
1996 
6102 
2015 
2016 
2019 
2020 
6119 
2024 
2025 
2030 
2031 
2037 
2038 
6135 
2045 
2046 
2054 
6150 
2055 
2064 
2065 
6164 
2075 
2076 
6177 
2087 
2088 
6188 
6189 
2100 
2101 
6206 
6207 
2114 
2115 
2129 
6225 
6226 
2130 
2145 
2146 
6245 
6246 
2162 
2163 
6265 
6266 
2180 
2181 
6285 
6286 
2199 
2200 
6305 
6306 
2219 
2220 
6325 
6326 
2239 
2240 
6345 
6346 
2259 
2260 
6365 
6366 
2279 
2283 
2284 
2289 
6385 
2290 
2296 
2297 
2304 
2305 
6404 
2313 
2314 
2323 
2324 
6422 
2334 
2335 
6439 
2346 
2347 
2359 
6455 
2360 
2373 
2374 
6470 
2388 
6484 
2389 
6497 
2404 
2405 
6508 
2421 
2422 
6518 
6519 
2439 
2440 
6537 
6538 
2458 
2459 
6557 
6558 
2478 
2479 
6577 
6578 
2498 
2499 
6597 
6598 
2518 
2519 
6617 
6618 
2538 
2539 
6637 
6638 
2558 
6657 
6658 
2562 
2563 
2569 
2570 
2577 
2578 
6677 
6678 
2586 
2587 
2596 
2597 
6697 
2607 
2608 
2619 
2620 
6716 
2632 
2633 
6734 
2646 
2647 
6751 
2661 
2662 
6767 
2677 
2678 
6782 
2694 
2695 
6796 
2712 
2713 
6809 
6820 
2731 
2732 
6830 
6839 
6840 
2751 
2752 
6859 
6860 
2771 
2772 
6879 
6880 
2791 
2792 
6899 
6900 
2811 
2812 
6919 
6920 
2831 
2832 
6939 
6940 
2851 
2855 
2856 
2863 
6959 
2864 
6960 
2872 
2873 
2882 
2883 
6979 
6980 
2893 
2894 
6999 
2905 
2906 
2918 
2919 
7018 
2932 
2933 
7036 
2947 
2948 
7053 
2963 
2964 
7069 
2980 
2981 
7084 
2998 
2999 
7098 
7111 
3017 
3018 
7122 
7132 
3037 
3038 
7141 
7149 
7150 
3057 
3058 
7169 
7170 
3077 
3078 
7189 
7190 
3097 
3098 
7209 
7210 
3117 
3118 
7229 
7230 
3137 
3138 
7249 
7250 
3157 
3161 
3162 
3170 
3171 
7269 
7270 
3180 
3181 
3191 
3192 
7289 
3203 
3204 
7308 
3216 
3217 
3230 
7326 
3231 
3245 
3246 
7343 
3261 
3262 
7359 
3278 
7374 
3279 
7388 
3296 
3297 
7401 
3315 
3316 
7412 
7422 
7431 
3335 
3336 
7439 
7446 
7447 
3355 
3356 
7466 
7467 
3375 
3376 
7486 
7487 
3395 
3396 
7506 
7507 
3415 
3416 
7526 
7527 
3435 
3436 
7546 
7547 
3455 
3456 
7566 
3475 
3479 
3480 
3489 
7585 
3490 
3500 
3501 
7603 
3512 
3513 
7620 
3525 
3526 
3539 
3540 
7636 
3554 
3555 
7651 
7665 
3570 
3571 
7678 
3587 
3588 
7689 
7699 
3605 
3606 
7708 
7716 
3624 
3625 
7723 
7729 
7730 
3644 
3645 
7749 
7750 
3664 
3665 
7769 
7770 
3684 
3685 
7789 
7790 
3704 
3705 
7809 
7810 
3724 
3725 
7829 
3744 
3745 
7848 
3764 
3765 
7866 
3784 
7883 
3803 
7899 
3807 
3817 
3818 
7914 
3829 
3830 
7928 
3842 
3843 
7941 
3856 
7952 
3857 
7962 
3871 
3872 
7971 
7979 
3887 
3888 
7986 
7992 
7997 
7998 
3904 
3905 
8017 
8018 
3922 
3923 
8037 
3941 
8038 
3942 
8057 
3961 
8058 
3962 
3981 
8077 
3982 
8096 
4001 
4002 
8114 
4021 
4022 
8131 
4041 
4042 
8147 
4061 
4062 
8162 
8176 
4081 
4082 
8189 
)

// ************************************************************************* //
