/*--------------------------------*- C++ -*----------------------------------*\
  =========                 |
  \\      /  F ield         | OpenFOAM: The Open Source CFD Toolbox
   \\    /   O peration     | Website:  https://openfoam.org
    \\  /    A nd           | Version:  12
     \\/     M anipulation  |
\*---------------------------------------------------------------------------*/
/*   Windows 32 and 64 bit porting by blueCAPE: http://www.bluecape.com.pt   *\
|  Based on Windows porting (2.0.x v4) by Symscape: http://www.symscape.com   |
\*---------------------------------------------------------------------------*/
FoamFile
{
    format      ascii;
    class       cellSet;
    location    "constant/polyMesh/sets";
    object      meshProtectedCells;
}
// * * * * * * * * * * * * * * * * * * * * * * * * * * * * * * * * * * * * * //


1393
(
0 
1 
2 
3 
4 
5 
6 
8199 
7 
9 
10 
11 
12 
13 
4110 
15 
16 
19 
20 
8213 
21 
22 
23 
25 
26 
29 
30 
4129 
34 
8226 
35 
36 
37 
38 
40 
41 
44 
45 
8238 
49 
50 
4147 
55 
56 
8249 
57 
58 
59 
61 
62 
65 
66 
8259 
70 
71 
76 
8268 
77 
4174 
4175 
83 
8276 
84 
85 
86 
87 
89 
4186 
90 
4187 
8283 
93 
94 
8289 
98 
99 
8294 
4199 
4200 
104 
105 
8299 
111 
8303 
8304 
112 
4213 
4214 
119 
120 
121 
122 
123 
125 
126 
129 
130 
8323 
8324 
4228 
4229 
134 
135 
140 
141 
147 
4244 
148 
4245 
8343 
155 
156 
164 
4261 
165 
4262 
166 
167 
168 
170 
8362 
171 
174 
175 
179 
180 
4279 
4280 
185 
186 
8380 
192 
193 
200 
201 
4298 
4299 
8397 
209 
210 
219 
220 
8413 
221 
222 
4318 
4319 
223 
225 
226 
229 
230 
234 
235 
8428 
240 
241 
4338 
4339 
247 
248 
8442 
255 
256 
4358 
8455 
4359 
264 
265 
274 
8467 
275 
4378 
4379 
285 
8478 
286 
287 
288 
289 
291 
292 
295 
8488 
296 
300 
301 
4398 
4399 
8497 
306 
307 
313 
8505 
314 
8512 
321 
4418 
322 
4419 
8518 
330 
8523 
331 
8527 
8531 
340 
341 
4438 
8534 
8535 
351 
352 
4457 
8554 
363 
364 
365 
366 
367 
369 
370 
373 
374 
378 
4475 
379 
8573 
384 
385 
391 
392 
4492 
399 
8591 
400 
408 
409 
8608 
418 
419 
4518 
4519 
429 
430 
8624 
4531 
4532 
441 
442 
8639 
4545 
4546 
454 
455 
456 
457 
458 
460 
461 
8653 
464 
4560 
4561 
465 
469 
470 
8666 
475 
476 
4576 
4577 
482 
483 
8678 
490 
491 
4593 
8689 
4594 
499 
500 
8699 
509 
510 
4611 
4612 
8708 
520 
521 
8716 
8723 
532 
533 
4630 
4631 
8729 
8734 
545 
8738 
546 
8741 
8744 
8746 
4650 
4651 
559 
560 
561 
562 
563 
565 
566 
569 
570 
8765 
574 
4670 
575 
4671 
580 
581 
587 
588 
8783 
4690 
4691 
595 
596 
604 
605 
8800 
614 
4710 
4711 
615 
8816 
625 
626 
4730 
4731 
637 
638 
8831 
650 
651 
8845 
4750 
4751 
664 
665 
8858 
4770 
8870 
679 
680 
681 
682 
683 
685 
686 
689 
8881 
690 
4789 
694 
695 
8891 
700 
701 
707 
708 
8900 
4807 
715 
8908 
716 
8915 
724 
725 
4824 
8921 
734 
8926 
735 
8930 
8933 
8935 
4840 
745 
8937 
8938 
746 
757 
758 
8956 
4865 
4866 
770 
771 
8973 
4879 
4880 
784 
785 
8989 
4894 
4895 
799 
800 
9004 
4910 
4911 
815 
816 
817 
818 
819 
821 
822 
825 
826 
9018 
830 
831 
4927 
4928 
836 
837 
9031 
843 
844 
4945 
4946 
851 
9043 
852 
860 
861 
9054 
4964 
4965 
870 
871 
9064 
881 
9073 
882 
4984 
4985 
9081 
893 
894 
9088 
9094 
906 
9099 
907 
5004 
5005 
9103 
9106 
9108 
9109 
9110 
920 
921 
5024 
5025 
935 
9127 
936 
5044 
5045 
951 
9143 
952 
9158 
968 
5064 
5065 
969 
970 
971 
972 
974 
975 
978 
979 
9172 
983 
984 
5084 
989 
5085 
990 
9185 
996 
997 
1004 
1005 
9197 
5104 
1013 
1014 
9208 
1023 
1024 
9218 
5123 
1034 
9227 
1035 
9235 
5141 
1046 
1047 
9242 
9248 
1059 
1060 
9253 
5158 
9257 
9260 
9262 
9263 
1073 
1074 
5174 
9279 
1088 
1089 
5189 
9294 
1104 
1105 
9308 
5213 
5214 
1121 
1122 
1123 
9321 
5228 
5229 
1140 
9333 
1141 
1142 
1143 
1144 
1146 
1147 
5244 
5245 
1150 
1151 
9344 
1155 
1156 
1161 
1162 
9354 
5261 
5262 
1168 
1169 
9363 
1176 
1177 
9371 
5279 
5280 
1185 
1186 
9378 
9384 
1195 
1196 
9389 
9393 
5298 
5299 
9396 
1206 
9398 
9399 
1207 
1218 
1219 
9414 
5318 
5319 
1231 
1232 
9428 
5338 
5339 
1245 
1246 
9441 
1260 
9453 
1261 
5358 
5359 
9464 
1276 
1277 
5378 
9474 
5379 
9483 
1293 
1294 
9491 
5398 
5399 
9498 
1311 
9504 
1312 
1314 
9509 
9513 
5418 
5419 
9516 
9518 
9519 
1332 
1333 
1334 
1335 
1337 
1338 
1341 
9533 
1342 
5438 
1346 
1347 
1352 
1353 
9546 
1359 
1360 
5457 
9558 
1367 
1368 
1376 
1377 
9569 
5475 
1386 
1387 
9579 
5492 
9588 
1397 
1398 
9596 
1409 
1410 
9603 
5508 
9609 
1422 
9614 
1423 
9618 
5523 
9621 
9623 
9624 
1436 
1437 
5537 
9637 
1451 
1452 
9649 
5560 
5561 
1467 
9660 
1468 
9670 
5576 
5577 
1484 
1485 
9679 
9687 
5593 
5594 
1502 
9694 
1503 
9700 
9705 
5611 
5612 
9709 
9712 
1521 
9714 
1522 
9715 
1525 
5630 
5631 
9727 
1544 
1545 
9738 
1547 
1548 
1551 
1552 
5650 
5651 
1556 
9748 
1557 
1562 
1563 
9757 
1569 
1570 
9765 
5670 
5671 
1577 
1578 
9772 
1586 
9778 
1587 
9783 
5690 
5691 
9787 
1596 
1597 
9790 
9792 
9793 
1607 
1608 
9804 
5710 
5711 
1619 
1620 
9814 
9823 
1632 
1633 
5730 
5731 
9831 
1646 
9838 
1647 
9844 
5750 
5751 
9849 
1661 
9853 
1662 
9856 
9858 
9859 
5770 
1677 
9869 
1678 
9878 
5789 
1694 
9886 
1695 
9893 
9899 
5807 
1712 
9904 
1713 
9908 
9911 
9913 
9914 
5824 
9923 
1731 
1732 
9931 
5840 
9938 
1751 
9944 
1752 
1756 
9949 
5855 
9953 
9956 
9958 
9959 
5869 
1775 
9967 
1776 
1779 
1780 
9974 
1784 
1785 
5882 
9980 
1790 
1791 
9985 
1797 
9989 
1798 
9992 
9994 
9995 
1805 
1806 
5904 
5905 
10002 
1814 
1815 
10008 
10013 
1824 
1825 
5921 
10017 
5922 
10020 
10022 
10023 
1835 
1836 
10029 
10034 
5939 
5940 
10038 
1847 
1848 
10041 
10043 
10044 
10049 
1860 
1861 
10053 
5958 
5959 
10056 
10058 
10059 
10063 
1874 
10066 
1875 
10068 
10069 
10072 
10074 
5978 
5979 
10075 
10077 
10078 
10079 
10080 
10081 
1889 
10082 
1890 
10083 
10084 
10085 
10086 
10087 
10088 
10089 
10090 
10091 
10092 
10093 
10094 
5998 
10095 
5999 
10096 
10097 
1905 
10098 
1906 
10099 
10100 
10101 
10102 
10103 
10104 
10105 
10106 
10107 
10108 
10109 
10110 
10111 
10112 
10113 
10114 
1922 
6018 
10115 
6019 
1923 
10116 
10117 
10118 
10119 
10120 
10121 
10122 
1940 
1941 
6038 
6039 
1959 
1960 
6058 
6059 
1979 
1980 
6078 
6079 
1999 
2000 
6098 
2005 
6117 
2024 
2025 
2029 
2030 
2035 
2036 
6135 
2042 
2043 
2050 
2051 
6152 
2059 
2060 
2069 
2070 
6168 
2080 
2081 
6183 
2092 
2093 
6197 
2105 
2106 
6210 
2119 
2120 
6222 
2134 
2135 
6243 
6244 
2150 
2151 
6261 
6262 
2167 
2168 
6280 
6281 
2185 
2186 
2204 
6300 
6301 
2205 
6320 
2224 
6321 
2225 
2244 
6340 
6341 
2245 
2264 
6360 
6361 
2265 
2271 
6380 
6381 
2290 
2291 
2296 
2297 
2303 
2304 
6400 
6401 
2311 
2312 
2320 
2321 
6420 
2330 
2331 
2341 
2342 
6439 
2353 
2354 
6457 
2366 
2367 
6474 
2380 
2381 
6490 
2395 
2396 
6505 
2411 
2412 
6519 
2428 
2429 
6532 
2446 
2447 
6544 
6555 
2465 
2466 
6575 
6576 
2485 
2486 
6594 
6595 
2505 
2506 
6614 
6615 
2525 
2526 
6634 
6635 
2545 
2546 
2553 
6654 
6655 
2572 
2573 
6674 
6675 
2579 
2580 
2587 
2588 
2596 
2597 
6694 
6695 
2606 
2607 
2617 
2618 
6714 
6715 
2629 
2630 
6734 
2642 
2643 
2656 
2657 
6753 
2671 
2672 
6771 
2687 
2688 
6788 
2704 
2705 
6804 
2722 
6819 
2723 
6833 
2741 
2742 
6846 
2761 
6858 
2762 
6869 
2781 
2782 
6879 
6889 
2801 
6898 
2802 
6899 
2821 
6918 
2822 
6919 
2841 
6938 
2842 
6939 
2850 
6958 
6959 
2869 
2870 
2877 
2878 
6978 
6979 
2886 
2887 
2896 
2897 
6998 
6999 
2907 
2908 
2919 
2920 
7018 
7019 
2932 
2933 
7038 
2946 
2947 
2961 
7057 
2962 
2977 
2978 
7075 
2994 
2995 
7092 
3012 
7108 
3013 
7123 
3031 
3032 
7137 
3051 
3052 
7150 
7162 
3071 
3072 
7173 
7183 
3091 
3092 
7192 
7201 
3111 
3112 
7209 
7210 
3131 
3132 
7229 
7230 
3151 
3152 
7249 
7250 
3161 
7269 
7270 
3180 
3181 
3189 
3190 
7289 
7290 
3199 
3200 
3210 
3211 
7309 
7310 
3222 
3223 
7329 
3235 
3236 
3249 
3250 
7348 
3264 
3265 
7366 
3280 
3281 
7383 
3297 
3298 
7399 
3315 
3316 
7414 
7428 
3334 
3335 
7441 
3354 
3355 
7453 
7464 
3374 
3375 
7474 
7483 
3394 
7491 
3395 
7499 
7506 
7507 
3414 
3415 
7526 
7527 
3434 
3435 
7546 
7547 
3454 
3455 
7566 
7567 
3474 
3475 
7586 
7587 
3503 
3504 
7606 
3513 
3514 
3524 
3525 
7625 
3536 
3537 
7643 
3549 
3550 
3563 
3564 
7660 
3578 
3579 
7676 
3594 
3595 
7691 
7705 
3611 
3612 
7718 
3629 
3630 
7730 
7741 
3648 
3649 
7751 
7760 
3668 
3669 
7768 
7775 
7782 
3688 
3689 
7788 
7789 
3708 
3709 
7808 
7809 
3728 
3729 
7828 
7829 
3748 
3749 
7848 
7849 
3768 
3769 
7868 
3788 
7887 
3807 
7905 
7922 
3835 
3836 
7938 
3846 
3847 
7953 
3858 
3859 
3871 
7967 
3872 
7980 
3885 
3886 
7992 
3900 
3901 
8003 
3916 
3917 
8013 
8022 
3933 
3934 
8030 
8037 
8043 
3951 
3952 
8049 
8054 
8055 
3970 
3971 
8074 
8075 
3990 
3991 
8094 
8095 
4010 
4011 
8114 
4030 
4031 
8133 
4050 
4051 
8151 
4070 
4071 
8168 
8184 
4090 
4091 
)

// ************************************************************************* //
