/*--------------------------------*- C++ -*----------------------------------*\
  =========                 |
  \\      /  F ield         | OpenFOAM: The Open Source CFD Toolbox
   \\    /   O peration     | Website:  https://openfoam.org
    \\  /    A nd           | Version:  12
     \\/     M anipulation  |
\*---------------------------------------------------------------------------*/
/*   Windows 32 and 64 bit porting by blueCAPE: http://www.bluecape.com.pt   *\
|  Based on Windows porting (2.0.x v4) by Symscape: http://www.symscape.com   |
\*---------------------------------------------------------------------------*/
FoamFile
{
    format      ascii;
    class       cellSet;
    location    "constant/polyMesh/sets";
    object      meshProtectedCells;
}
// * * * * * * * * * * * * * * * * * * * * * * * * * * * * * * * * * * * * * //


1753
(
0 
1 
2 
3 
4 
5 
6 
7 
4103 
4104 
9 
10 
11 
8204 
12 
13 
15 
16 
19 
20 
21 
22 
4118 
23 
4119 
25 
26 
8220 
29 
30 
34 
35 
36 
37 
38 
4134 
4135 
40 
41 
8235 
44 
45 
49 
50 
55 
4152 
56 
8249 
57 
58 
59 
61 
62 
65 
66 
8262 
70 
71 
4170 
76 
77 
8274 
83 
84 
85 
86 
87 
89 
90 
8285 
93 
94 
98 
99 
8295 
104 
105 
4207 
111 
112 
8310 
119 
4216 
120 
121 
122 
123 
125 
8318 
126 
129 
130 
8324 
134 
135 
8329 
140 
8333 
141 
4240 
8336 
8338 
147 
8340 
148 
8341 
8342 
8343 
8344 
8345 
8346 
155 
8347 
156 
8348 
8349 
8350 
4255 
8351 
8352 
8353 
8354 
8355 
164 
8356 
8357 
165 
166 
8358 
167 
8359 
168 
170 
171 
4270 
174 
175 
179 
180 
8376 
185 
8377 
186 
4284 
192 
193 
200 
4297 
201 
8395 
209 
210 
4309 
219 
220 
8413 
221 
222 
223 
4320 
225 
226 
229 
230 
4330 
234 
235 
4332 
4333 
8430 
4334 
4335 
240 
4336 
241 
4340 
4341 
247 
248 
4346 
4347 
8446 
255 
256 
4353 
4354 
264 
265 
4361 
4362 
8461 
274 
4370 
275 
4371 
8475 
4380 
285 
4381 
286 
287 
288 
289 
291 
292 
295 
4391 
8488 
296 
4392 
300 
301 
306 
307 
4403 
8500 
4404 
313 
314 
8511 
4416 
321 
4417 
322 
8521 
330 
331 
4430 
4431 
8530 
340 
341 
4445 
4446 
351 
8544 
352 
8550 
8555 
363 
364 
4461 
365 
366 
4462 
8559 
367 
369 
8562 
370 
8564 
8565 
373 
8566 
374 
8567 
8568 
8569 
378 
8570 
379 
8571 
8572 
8573 
4478 
8574 
4479 
8575 
384 
8576 
385 
8577 
8578 
8579 
8580 
8581 
8582 
391 
8583 
392 
8584 
399 
400 
4497 
408 
409 
8602 
8603 
418 
419 
8621 
429 
430 
4534 
441 
442 
8638 
4543 
454 
455 
456 
457 
459 
460 
8654 
463 
4560 
464 
468 
469 
474 
475 
8669 
481 
482 
4582 
489 
490 
8683 
498 
499 
4596 
8696 
508 
509 
4610 
8708 
519 
520 
4623 
8719 
531 
532 
8729 
4635 
544 
545 
8738 
4646 
8746 
557 
558 
559 
4656 
560 
562 
563 
8758 
566 
567 
4665 
4666 
8763 
571 
4667 
572 
4668 
4669 
4670 
8767 
4671 
577 
8770 
578 
8772 
4676 
8773 
4677 
8774 
8775 
584 
8776 
585 
8777 
8778 
4683 
8779 
4684 
8780 
8781 
8782 
8783 
592 
8784 
593 
8785 
8786 
4691 
8787 
4692 
8788 
8789 
8790 
8791 
601 
602 
4700 
4701 
611 
612 
4710 
4711 
8809 
8810 
622 
623 
4721 
4722 
634 
8827 
635 
4733 
4734 
647 
648 
4746 
8843 
4747 
662 
4760 
4761 
8858 
674 
675 
676 
677 
679 
4775 
8872 
680 
4776 
683 
684 
688 
689 
8885 
694 
4791 
695 
4792 
701 
702 
8897 
709 
710 
4808 
4809 
8908 
718 
719 
8918 
728 
729 
4826 
4827 
8927 
739 
740 
8935 
8942 
751 
752 
8952 
8956 
764 
765 
8959 
4864 
8961 
8962 
8963 
8964 
8965 
8966 
8967 
8968 
4873 
8969 
8970 
779 
8971 
8972 
8973 
8974 
8975 
8976 
8977 
8978 
8979 
8980 
4890 
794 
8997 
8998 
806 
807 
808 
809 
4906 
811 
812 
815 
816 
820 
821 
9014 
826 
827 
4926 
833 
834 
9029 
841 
842 
4939 
850 
9043 
851 
4952 
860 
861 
9056 
4964 
871 
872 
9068 
4975 
883 
884 
9079 
4985 
896 
9089 
897 
4994 
9098 
5002 
5003 
5004 
5005 
5006 
911 
5007 
5008 
5009 
9106 
5015 
5016 
9113 
926 
9119 
5023 
5024 
9127 
5032 
5033 
9130 
9132 
9133 
942 
9134 
9135 
9136 
9137 
5042 
9138 
5043 
9139 
9140 
9141 
9142 
9143 
9144 
9145 
9146 
954 
955 
9147 
956 
9148 
5053 
957 
9149 
5054 
9150 
959 
960 
963 
964 
968 
5065 
969 
5066 
9166 
974 
9167 
975 
981 
5078 
982 
5079 
989 
9182 
990 
5092 
5093 
998 
999 
9196 
1008 
1009 
5107 
5108 
9209 
1019 
1020 
5123 
5124 
9221 
1031 
1032 
9232 
1044 
5140 
1045 
5141 
9242 
9251 
1059 
5158 
5159 
9259 
9266 
1074 
9272 
5177 
9277 
5183 
1090 
9283 
9285 
9286 
9287 
9288 
9289 
9290 
5195 
9291 
9292 
9293 
9294 
9295 
9296 
9297 
9298 
1107 
9299 
5204 
9300 
5205 
9301 
9302 
1119 
1120 
1121 
1122 
1124 
9317 
1125 
5222 
9318 
1128 
1129 
1133 
1134 
1139 
9332 
1140 
5238 
1146 
1147 
9345 
1154 
1155 
5253 
1163 
1164 
9357 
1173 
1174 
5271 
9368 
1184 
1185 
9378 
5283 
9387 
1196 
1197 
5295 
9395 
1209 
5306 
9402 
1210 
9408 
5316 
9413 
1224 
9417 
5325 
9421 
9422 
9423 
9424 
9425 
9426 
9427 
9428 
5333 
9429 
9430 
1239 
9431 
9432 
9433 
9434 
9435 
5340 
9436 
9437 
5341 
5342 
5343 
5344 
5345 
5346 
5347 
5348 
1255 
9451 
5355 
9452 
5356 
5364 
5365 
1272 
9465 
5374 
5375 
9477 
5385 
1290 
5386 
9488 
5397 
5398 
1302 
1303 
1304 
1305 
9498 
1307 
1308 
1311 
1312 
5410 
9507 
5411 
1316 
1317 
1322 
9515 
1323 
5424 
1329 
5425 
9522 
1330 
9528 
1337 
1338 
9533 
5439 
5440 
9537 
1346 
1347 
9540 
9542 
9543 
9544 
9545 
9546 
9547 
1356 
9548 
1357 
9549 
9550 
5455 
9551 
5456 
9552 
9553 
9554 
9555 
9556 
1367 
1368 
5472 
9569 
5473 
9570 
1379 
1380 
9582 
1392 
1393 
5490 
5491 
9593 
1407 
9603 
5509 
5510 
5512 
9612 
1422 
9620 
5528 
9627 
1438 
5535 
5536 
9633 
9638 
9642 
5547 
9645 
9647 
1455 
9648 
9649 
9650 
9651 
5556 
9652 
5557 
9653 
5558 
9654 
9655 
9656 
9657 
9658 
9659 
9660 
1473 
5574 
9672 
9673 
9684 
5589 
9694 
1503 
1504 
1505 
1506 
5603 
1508 
1509 
9703 
1512 
1513 
1517 
1518 
9711 
5619 
1523 
1524 
9718 
1530 
1531 
9724 
5630 
9729 
1538 
1539 
9733 
9736 
5641 
9738 
1547 
9739 
1548 
9740 
9741 
9742 
9743 
9744 
9745 
9746 
5651 
9747 
9748 
1557 
9749 
1558 
9750 
5660 
1568 
9761 
1569 
9762 
5668 
5675 
9772 
1580 
1581 
5681 
5682 
5683 
5684 
9781 
5685 
5686 
5687 
5688 
1593 
5689 
1594 
5690 
9789 
5698 
5699 
9796 
1608 
9802 
5708 
5709 
9807 
9811 
9814 
1623 
5719 
9816 
5720 
9817 
9818 
9819 
9820 
9821 
9822 
9823 
9824 
9825 
9826 
5731 
9827 
5732 
1639 
9837 
9838 
5744 
5745 
9847 
1656 
5758 
9855 
5759 
9862 
1674 
9868 
5773 
5774 
9873 
9877 
9880 
9882 
9883 
9884 
5789 
9885 
5790 
9886 
9887 
9888 
9889 
9890 
9891 
9892 
9901 
9902 
5806 
5807 
9910 
1722 
1723 
1724 
9917 
1725 
1727 
5824 
1728 
5825 
9923 
1731 
1732 
9928 
1736 
1737 
9932 
1742 
9935 
1743 
9937 
9938 
5843 
9939 
9940 
1749 
9941 
1750 
9942 
9943 
9944 
9945 
9946 
1757 
1758 
9954 
9955 
5861 
5862 
1766 
5863 
1767 
5864 
9962 
5867 
5868 
9968 
1776 
1777 
9973 
9977 
1787 
9980 
1788 
9982 
9983 
9984 
5889 
9985 
5890 
9986 
5891 
9987 
9988 
9989 
9990 
1799 
1800 
9997 
9998 
10004 
1812 
5909 
1813 
5910 
10009 
10013 
10016 
10018 
1827 
10019 
10020 
5925 
10021 
10022 
10023 
10024 
10025 
10031 
10032 
1842 
5939 
10037 
10041 
10044 
10046 
10047 
5952 
10048 
10049 
1858 
10050 
10051 
10052 
10057 
10058 
5966 
10062 
10065 
10067 
1875 
10068 
10069 
10070 
10071 
5976 
10072 
10076 
10077 
10080 
5986 
10082 
10083 
10084 
1893 
10085 
10086 
10089 
10090 
5995 
10092 
10093 
10094 
10095 
10097 
10098 
6003 
10099 
10100 
10101 
10102 
6010 
6016 
6021 
6022 
6023 
6024 
6025 
6026 
6027 
6028 
6029 
6030 
6031 
6040 
6041 
1948 
1949 
6051 
6052 
1959 
1960 
1961 
1962 
1964 
1965 
6063 
1968 
6064 
1969 
1973 
1974 
1979 
6076 
1980 
6077 
1986 
1987 
1994 
6090 
1995 
6091 
2003 
2004 
6105 
6106 
2013 
2014 
2024 
6121 
2025 
6122 
2036 
2037 
6138 
6139 
2049 
6156 
6157 
2063 
2064 
2079 
6175 
2095 
6193 
2112 
6210 
6211 
6214 
2130 
6234 
6251 
6265 
6278 
2185 
2186 
6290 
2203 
6302 
2212 
2213 
2214 
6311 
2215 
2217 
2218 
2221 
2222 
6320 
2226 
2227 
6328 
2232 
2233 
6335 
2239 
2240 
6341 
2247 
2248 
6346 
6350 
6351 
2256 
6352 
2257 
6353 
6354 
6355 
6356 
6357 
6358 
6359 
6360 
6361 
2266 
2267 
6371 
6372 
2277 
2278 
6383 
6384 
2289 
2290 
6396 
6397 
2302 
6410 
6411 
2316 
6425 
6426 
2331 
2332 
6441 
6442 
2348 
6458 
6459 
2365 
6476 
6477 
2383 
6495 
6513 
6530 
2438 
2439 
6546 
2456 
6567 
2472 
2480 
2481 
2482 
2483 
2485 
2486 
6583 
2489 
2490 
2494 
2495 
6596 
2500 
2501 
2507 
2508 
6608 
2515 
2516 
6619 
2524 
2525 
6629 
2534 
2535 
6637 
2545 
2546 
6645 
6652 
2557 
2558 
6658 
6663 
2570 
6667 
6670 
6671 
6672 
6673 
6674 
6675 
6676 
6677 
6678 
6679 
2584 
6680 
6681 
6682 
6693 
6694 
2599 
6706 
6707 
2615 
2616 
6720 
6721 
2633 
6735 
6736 
2651 
6751 
6752 
6768 
6769 
6786 
6787 
2706 
2707 
6805 
2724 
6823 
2740 
6840 
2755 
6856 
2762 
2763 
2764 
2765 
2767 
2768 
2771 
2772 
6871 
2776 
2777 
2782 
2783 
2789 
2790 
6891 
2797 
2798 
2806 
2807 
6905 
2816 
2817 
6918 
2827 
2828 
6929 
2839 
2840 
6939 
6947 
2852 
6954 
6961 
2866 
6967 
6972 
6976 
2881 
6979 
6981 
6982 
6983 
6984 
6985 
6986 
6987 
6988 
6989 
6990 
6991 
6992 
2897 
6993 
6994 
7006 
7007 
2914 
2915 
7020 
7021 
7035 
7036 
7051 
7052 
7068 
7069 
2987 
2988 
7086 
7087 
3005 
7105 
3021 
7123 
3036 
7140 
3050 
3056 
3057 
3058 
3059 
7156 
3061 
3062 
3065 
3066 
3070 
3071 
7171 
3076 
3077 
3083 
3084 
7185 
3091 
3092 
3100 
3101 
7204 
3110 
3111 
7217 
3121 
3122 
7229 
3133 
3134 
7239 
3146 
3147 
7247 
7254 
3161 
7260 
7266 
7271 
3176 
7275 
7278 
7280 
7281 
7282 
7283 
7284 
7285 
7286 
7287 
3192 
7288 
7289 
7290 
7291 
7292 
7293 
7294 
7295 
3209 
7308 
7309 
3227 
7323 
7324 
7339 
7340 
7356 
7357 
7374 
7375 
3281 
3282 
7393 
3299 
7411 
3315 
3330 
7428 
3344 
7444 
3357 
3362 
7459 
3363 
3364 
3365 
3367 
3368 
3371 
3372 
3376 
7473 
3377 
3382 
3383 
3389 
7486 
3390 
3397 
3398 
3406 
3407 
7504 
3416 
3417 
7516 
3427 
3428 
7527 
7535 
3439 
3440 
7542 
7548 
3452 
3453 
7553 
7558 
7562 
3466 
3467 
7565 
7567 
7568 
7569 
7570 
7571 
7572 
7573 
7574 
7575 
7576 
7577 
3482 
7578 
7579 
7580 
7581 
7582 
7583 
3498 
7597 
7598 
3515 
7613 
7614 
3533 
7630 
7631 
7648 
7649 
7667 
3586 
3587 
7685 
3604 
7702 
3620 
7718 
3635 
7733 
3649 
7747 
3662 
7760 
3674 
7772 
3678 
3679 
3680 
3682 
3683 
3686 
3687 
3691 
3692 
7789 
3697 
3698 
7800 
3704 
3705 
3712 
7809 
3713 
7816 
3721 
3722 
7822 
7827 
3731 
3732 
7831 
7835 
7838 
3742 
3743 
7840 
7841 
7842 
7843 
7844 
7845 
7846 
7847 
7848 
7849 
3754 
7850 
3755 
7851 
7852 
7853 
7854 
7855 
7856 
7857 
3767 
3768 
7872 
7873 
3781 
3782 
7889 
7890 
3796 
3797 
7907 
7908 
3813 
3830 
7926 
7944 
3848 
7961 
7977 
7992 
3901 
3902 
8006 
3918 
8019 
3934 
8031 
8042 
3949 
8058 
3963 
8068 
3976 
8075 
8081 
3988 
8086 
8090 
8093 
3999 
8096 
8098 
4002 
8099 
4003 
4004 
8100 
8101 
4005 
8102 
8103 
4008 
8104 
4009 
8105 
8106 
8107 
8108 
4013 
8109 
4014 
8110 
8111 
8112 
8113 
8114 
4019 
8115 
4020 
8116 
4026 
4027 
4034 
4035 
8132 
8133 
4043 
4044 
4053 
8150 
4054 
8151 
4064 
4065 
8169 
4076 
4077 
4089 
4090 
8187 
)

// ************************************************************************* //
