/*--------------------------------*- C++ -*----------------------------------*\
  =========                 |
  \\      /  F ield         | OpenFOAM: The Open Source CFD Toolbox
   \\    /   O peration     | Website:  https://openfoam.org
    \\  /    A nd           | Version:  12
     \\/     M anipulation  |
\*---------------------------------------------------------------------------*/
/*   Windows 32 and 64 bit porting by blueCAPE: http://www.bluecape.com.pt   *\
|  Based on Windows porting (2.0.x v4) by Symscape: http://www.symscape.com   |
\*---------------------------------------------------------------------------*/
FoamFile
{
    format      ascii;
    class       cellSet;
    location    "constant/polyMesh/sets";
    object      meshProtectedCells;
}
// * * * * * * * * * * * * * * * * * * * * * * * * * * * * * * * * * * * * * //


1348
(
0 
1 
2 
3 
4 
5 
6 
8198 
4103 
7 
4104 
9 
10 
11 
12 
8204 
13 
15 
16 
19 
20 
21 
22 
23 
25 
26 
4123 
4124 
29 
30 
8223 
8224 
34 
35 
36 
37 
38 
40 
41 
44 
45 
4143 
4144 
49 
50 
8243 
8244 
55 
56 
57 
58 
59 
61 
62 
65 
66 
4163 
4164 
70 
8263 
71 
76 
77 
83 
84 
85 
86 
4183 
87 
4184 
89 
8281 
90 
93 
94 
98 
99 
104 
105 
8298 
4203 
4204 
111 
112 
119 
120 
121 
122 
8314 
123 
125 
126 
4223 
129 
130 
134 
135 
8329 
140 
141 
147 
148 
4246 
8343 
155 
4258 
163 
4259 
8356 
164 
165 
166 
167 
169 
170 
173 
174 
4272 
8368 
4273 
178 
179 
184 
185 
8380 
191 
4287 
192 
4288 
199 
8391 
200 
4303 
208 
4304 
8401 
216 
217 
8410 
218 
219 
220 
222 
223 
4320 
4321 
226 
8418 
227 
231 
232 
8425 
237 
238 
8431 
4338 
4339 
244 
8436 
245 
252 
253 
261 
4357 
262 
4358 
8455 
8456 
271 
279 
280 
4377 
281 
282 
4378 
8475 
283 
285 
286 
289 
290 
294 
295 
300 
4397 
8493 
301 
4398 
307 
308 
315 
316 
8510 
4417 
4418 
324 
325 
334 
8526 
335 
4437 
4438 
345 
8541 
353 
354 
355 
356 
357 
359 
360 
4457 
4458 
363 
8555 
364 
368 
369 
374 
375 
8568 
4477 
381 
4478 
382 
8580 
389 
390 
398 
399 
8592 
4497 
4498 
408 
409 
8603 
419 
420 
4517 
8613 
4518 
8622 
431 
8630 
439 
440 
4537 
441 
442 
443 
445 
8637 
446 
449 
450 
8643 
454 
455 
8648 
4555 
460 
8652 
461 
467 
468 
475 
476 
8671 
4576 
484 
485 
4589 
494 
4590 
495 
8689 
505 
506 
4604 
4605 
8706 
517 
518 
4620 
4621 
530 
8722 
538 
539 
540 
541 
4637 
542 
4638 
544 
8737 
545 
548 
549 
553 
554 
559 
4655 
8751 
560 
4656 
566 
567 
8764 
574 
575 
4674 
4675 
583 
8776 
584 
593 
594 
8788 
4694 
4695 
604 
605 
8799 
616 
8809 
617 
4714 
4715 
8818 
629 
630 
8826 
4734 
4735 
8833 
643 
8839 
651 
8844 
652 
653 
654 
655 
8848 
657 
4754 
658 
8851 
4755 
661 
662 
666 
667 
672 
673 
8869 
4774 
679 
4775 
680 
687 
688 
8886 
696 
697 
4794 
4795 
706 
707 
8902 
717 
4814 
718 
4815 
8917 
729 
730 
4834 
8931 
4835 
742 
743 
8944 
756 
757 
4854 
8956 
771 
8968 
4872 
779 
780 
781 
782 
783 
785 
786 
8979 
789 
790 
4889 
794 
795 
8989 
800 
801 
8998 
807 
808 
4908 
9006 
815 
816 
9013 
824 
825 
4922 
9019 
4923 
9024 
834 
835 
9028 
9031 
9033 
4938 
4939 
845 
846 
857 
9050 
858 
4955 
4956 
870 
871 
9066 
4973 
4974 
884 
885 
9081 
4992 
4993 
899 
900 
9095 
915 
5012 
9108 
5013 
923 
924 
925 
926 
927 
9120 
929 
930 
933 
934 
5032 
5033 
938 
939 
9132 
944 
945 
951 
9143 
952 
5052 
5053 
959 
960 
9153 
968 
969 
9162 
5072 
5073 
978 
9170 
979 
9177 
989 
990 
9183 
5092 
9188 
5093 
9192 
1001 
1002 
9195 
9197 
9198 
1014 
1015 
5112 
5113 
9214 
1028 
1029 
5132 
9229 
5133 
1043 
1044 
9243 
5152 
5153 
1059 
1060 
9256 
1076 
9268 
5172 
1084 
1085 
1086 
1087 
9280 
1088 
1090 
1091 
1094 
5190 
1095 
1099 
9291 
1100 
1105 
1106 
9301 
5207 
1112 
1113 
9310 
1120 
1121 
9318 
5223 
1129 
1130 
9325 
1139 
9331 
1140 
9336 
5240 
9340 
1150 
9343 
1151 
9345 
9346 
5255 
5256 
1162 
1163 
9361 
1175 
5272 
1176 
5273 
9375 
1189 
1190 
5290 
5291 
9388 
1204 
1205 
9400 
5309 
5310 
1220 
9412 
1221 
9423 
5329 
5330 
1237 
1238 
9433 
9442 
5349 
5350 
1255 
9450 
1263 
1264 
1265 
9457 
1266 
1268 
1269 
9463 
1272 
5369 
1273 
5370 
9468 
1277 
1278 
9472 
1283 
9475 
1284 
9477 
9478 
1290 
1291 
5389 
5390 
1298 
1299 
9492 
1307 
1308 
5409 
9505 
5410 
1317 
1318 
9517 
1328 
1329 
5429 
5430 
9529 
1340 
1341 
9540 
1353 
5449 
5450 
1354 
9550 
1367 
9559 
1368 
5469 
5470 
9567 
1382 
9574 
1383 
9580 
9585 
5489 
9589 
1398 
1399 
9592 
9594 
9595 
5507 
1415 
9608 
1416 
9620 
5524 
1433 
1434 
9632 
5540 
9643 
1452 
5555 
1460 
9653 
1461 
1463 
1464 
1467 
1468 
9662 
1472 
1473 
5570 
1478 
9670 
1479 
1485 
9677 
1486 
5586 
9683 
5587 
1493 
1494 
9688 
9692 
1502 
9695 
1503 
9697 
9698 
5604 
5605 
1512 
1513 
9710 
1523 
1524 
5623 
5624 
9722 
1535 
1536 
9733 
5643 
1548 
5644 
1549 
9743 
9752 
1562 
1563 
5663 
9760 
5664 
9767 
1577 
1578 
9773 
9778 
5683 
5684 
9782 
1593 
9785 
1594 
9787 
9788 
5703 
9800 
5704 
1610 
1611 
9811 
5723 
1628 
5724 
9821 
1629 
9830 
9838 
1647 
5743 
5744 
1648 
9845 
9851 
9856 
1667 
5763 
9860 
5764 
9863 
9865 
9866 
1675 
1676 
1679 
1680 
1684 
9877 
1685 
5783 
5784 
1690 
1691 
9887 
1697 
1698 
9896 
1705 
1706 
5803 
9904 
1714 
1715 
9911 
1724 
9917 
5821 
1725 
9922 
9926 
1735 
1736 
9929 
9931 
9932 
5838 
1747 
1748 
9942 
5854 
9951 
1760 
1761 
9959 
5869 
1774 
9966 
1775 
9972 
9977 
5883 
1789 
9981 
1790 
9984 
9986 
9987 
5896 
9996 
1805 
1806 
10004 
5913 
5914 
10011 
1822 
1823 
10017 
10022 
10026 
5932 
10029 
5933 
10031 
1840 
10032 
1841 
10040 
10047 
5952 
5953 
1859 
1860 
10053 
10058 
10062 
10065 
10067 
5972 
10068 
5973 
1879 
1880 
10075 
10081 
10086 
5992 
5993 
10090 
1899 
10093 
10095 
10096 
1907 
1908 
10102 
1912 
1913 
10107 
6012 
6013 
1918 
10111 
1919 
10114 
10116 
1925 
10117 
1926 
10122 
1933 
10126 
1934 
6032 
10129 
6033 
10131 
10132 
1942 
1943 
10136 
10139 
10141 
10142 
1952 
10145 
1953 
10147 
6052 
10148 
6053 
10150 
10151 
1963 
1964 
1975 
6072 
1976 
6073 
1988 
1989 
6092 
6093 
2002 
2003 
6112 
2017 
2018 
2033 
6130 
2034 
2050 
6147 
2051 
6163 
2068 
2069 
6178 
2087 
2088 
6192 
2107 
2108 
6205 
6217 
2127 
2128 
6235 
6236 
2147 
2155 
2156 
6255 
6256 
2161 
2162 
2168 
2169 
2176 
2177 
6275 
6276 
2185 
2186 
2195 
2196 
6295 
6296 
2206 
2207 
2218 
6315 
2219 
6316 
2231 
2232 
6335 
6336 
2245 
2246 
6355 
2260 
6356 
2261 
2276 
2277 
6375 
6376 
2293 
2294 
6395 
6396 
2311 
2312 
6415 
2330 
2331 
6433 
2350 
2351 
6450 
2370 
6466 
2371 
6481 
2390 
2391 
6495 
2410 
6508 
2418 
2419 
6520 
2425 
2426 
2433 
2434 
6532 
2442 
2443 
2452 
2453 
6551 
6552 
2463 
2464 
2475 
6571 
6572 
2476 
2488 
2489 
6591 
6592 
2502 
2503 
6611 
6612 
2517 
2518 
2533 
2534 
6631 
6632 
2550 
2551 
6651 
6652 
2568 
2569 
6671 
6672 
2587 
2588 
6691 
6692 
2607 
2608 
6711 
2627 
2628 
6729 
2647 
2648 
6746 
6762 
2667 
2668 
6777 
2687 
2695 
6791 
2696 
2703 
2704 
6804 
2712 
2713 
6816 
2722 
2723 
6828 
2733 
2734 
6839 
2745 
2746 
2758 
2759 
6858 
6859 
2772 
2773 
6878 
6879 
2787 
2788 
6898 
2803 
6899 
2804 
2820 
2821 
6918 
6919 
2838 
2839 
6938 
6939 
2857 
2858 
6958 
6959 
2877 
2878 
6978 
6979 
2897 
2898 
6998 
2917 
2918 
7016 
2937 
7033 
2938 
7049 
2957 
2958 
7064 
2977 
7078 
2985 
2986 
2994 
7091 
2995 
3004 
3005 
7103 
3015 
3016 
7115 
3027 
3028 
7126 
3040 
7136 
3041 
3054 
3055 
7155 
7156 
3069 
3070 
7175 
7176 
3085 
3086 
7195 
7196 
3102 
3103 
7215 
3120 
7216 
3121 
3139 
7235 
7236 
3140 
3159 
7255 
7256 
3160 
3179 
7275 
3180 
7293 
3199 
3200 
7310 
3219 
3220 
7326 
3239 
3240 
7341 
3259 
7355 
3260 
7368 
3279 
7380 
3287 
3288 
7392 
3297 
3298 
7403 
3308 
3309 
7413 
3320 
3321 
7422 
3333 
3334 
7441 
7442 
3347 
3348 
3362 
3363 
7461 
7462 
3378 
3379 
7481 
7482 
3395 
3396 
7501 
7502 
3413 
3414 
7521 
7522 
3432 
3433 
7541 
3452 
3453 
7559 
3472 
3473 
7576 
3492 
3493 
7592 
7607 
3512 
3513 
7621 
3532 
3533 
7634 
7646 
3552 
3553 
7658 
3572 
7669 
3573 
7679 
3592 
7688 
7696 
3600 
3610 
3611 
7715 
7716 
3622 
3623 
3635 
3636 
7735 
7736 
3649 
3650 
7755 
7756 
3664 
3665 
7775 
3680 
7776 
3681 
3697 
3698 
7795 
3715 
3716 
7813 
3734 
7830 
3735 
7846 
3754 
3755 
7861 
3774 
3775 
7875 
7888 
3794 
3795 
7900 
3814 
3815 
7912 
7923 
3834 
3835 
7933 
7942 
3854 
7950 
3855 
7957 
3874 
3875 
7976 
7977 
3894 
3895 
7996 
7997 
8016 
3920 
8017 
3931 
3932 
8036 
3944 
3945 
3958 
8054 
3959 
3973 
3974 
8071 
3989 
3990 
8087 
4006 
8102 
4007 
8116 
4024 
4025 
8129 
4043 
4044 
8141 
8153 
4063 
4064 
8164 
8174 
4083 
4084 
8183 
8191 
)

// ************************************************************************* //
