/*--------------------------------*- C++ -*----------------------------------*\
  =========                 |
  \\      /  F ield         | OpenFOAM: The Open Source CFD Toolbox
   \\    /   O peration     | Website:  https://openfoam.org
    \\  /    A nd           | Version:  12
     \\/     M anipulation  |
\*---------------------------------------------------------------------------*/
/*   Windows 32 and 64 bit porting by blueCAPE: http://www.bluecape.com.pt   *\
|  Based on Windows porting (2.0.x v4) by Symscape: http://www.symscape.com   |
\*---------------------------------------------------------------------------*/
FoamFile
{
    format      ascii;
    class       cellSet;
    location    "constant/polyMesh/sets";
    object      meshProtectedCells;
}
// * * * * * * * * * * * * * * * * * * * * * * * * * * * * * * * * * * * * * //


1379
(
8192 
0 
1 
2 
3 
4 
5 
6 
7 
4103 
4104 
9 
10 
11 
12 
13 
15 
16 
19 
8211 
20 
21 
22 
23 
25 
26 
4123 
29 
30 
34 
35 
36 
37 
38 
8230 
40 
41 
44 
45 
4142 
49 
50 
55 
8248 
56 
57 
58 
59 
61 
62 
4160 
4161 
65 
66 
70 
71 
8265 
4171 
4172 
76 
77 
83 
84 
85 
86 
87 
4183 
4184 
89 
8281 
90 
93 
94 
98 
99 
4196 
4197 
104 
8296 
105 
111 
112 
4210 
4211 
8310 
119 
120 
121 
122 
123 
125 
126 
129 
4225 
4226 
130 
8323 
134 
135 
140 
141 
8334 
4241 
4242 
147 
148 
8344 
155 
156 
8353 
4258 
4259 
164 
165 
166 
167 
168 
8361 
170 
171 
174 
175 
8368 
179 
180 
4276 
4277 
8374 
185 
186 
8379 
8383 
192 
193 
8388 
4295 
4296 
200 
201 
209 
210 
8407 
8408 
219 
4315 
4316 
220 
221 
222 
223 
225 
226 
229 
230 
234 
235 
8427 
8428 
4335 
4336 
240 
241 
247 
248 
255 
8447 
256 
4355 
4356 
264 
265 
274 
8466 
275 
4375 
4376 
285 
286 
287 
288 
289 
291 
292 
8484 
295 
296 
4395 
4396 
300 
301 
306 
307 
8501 
313 
314 
4415 
4416 
321 
322 
8517 
330 
331 
4435 
4436 
340 
8532 
341 
351 
352 
8546 
4455 
363 
364 
365 
366 
367 
8559 
369 
370 
373 
374 
378 
4474 
8570 
379 
384 
385 
8580 
391 
392 
4492 
8589 
399 
400 
8597 
408 
409 
8604 
4509 
4510 
418 
8610 
419 
8615 
4521 
8619 
429 
430 
8622 
8627 
4533 
4534 
441 
442 
4547 
4548 
454 
8646 
8647 
455 
456 
457 
458 
460 
461 
464 
465 
4562 
4563 
469 
470 
8666 
475 
476 
482 
4578 
4579 
483 
490 
491 
8685 
499 
4595 
4596 
500 
509 
510 
8703 
4613 
4614 
520 
521 
8720 
532 
533 
4632 
4633 
8736 
545 
546 
4652 
4653 
559 
8751 
560 
561 
562 
563 
565 
566 
569 
570 
8765 
574 
575 
4672 
4673 
580 
581 
8778 
587 
588 
595 
596 
4692 
4693 
8789 
604 
605 
8799 
614 
615 
4712 
8808 
4713 
8816 
625 
626 
8823 
4732 
4733 
637 
8829 
638 
8834 
8838 
8841 
650 
651 
8843 
8848 
4752 
4753 
664 
665 
8867 
4772 
4773 
679 
680 
681 
682 
683 
685 
686 
689 
690 
694 
8886 
695 
4792 
700 
701 
707 
708 
8904 
715 
4811 
716 
724 
725 
8921 
4829 
734 
735 
745 
8937 
746 
4846 
757 
758 
8952 
4862 
4863 
770 
771 
8966 
4874 
784 
785 
8979 
4887 
4888 
8990 
799 
800 
4902 
4903 
9000 
815 
816 
9009 
817 
818 
819 
821 
822 
4918 
4919 
825 
9017 
826 
830 
831 
9024 
836 
837 
9030 
4935 
4936 
843 
9035 
844 
9039 
9042 
851 
852 
9044 
9045 
4953 
4954 
860 
861 
870 
871 
9068 
4972 
4973 
881 
882 
893 
894 
9086 
4992 
4993 
906 
907 
9103 
5012 
5013 
920 
921 
9119 
935 
936 
5032 
5033 
9134 
951 
952 
5052 
9148 
5053 
968 
9161 
969 
970 
971 
972 
974 
975 
5072 
5073 
978 
979 
9172 
983 
984 
989 
990 
9182 
996 
5092 
997 
5093 
9191 
1004 
1005 
9199 
1013 
1014 
9206 
5112 
5113 
9212 
1023 
1024 
9217 
9221 
9224 
1034 
9226 
1035 
9227 
5132 
1046 
1047 
5151 
9249 
1059 
1060 
1073 
5169 
1074 
9266 
1088 
1089 
5186 
9282 
1104 
1105 
9297 
5202 
9311 
1121 
5217 
5218 
1122 
9324 
5229 
1139 
1140 
1141 
1142 
1143 
9335 
1145 
1146 
5243 
5244 
1149 
1150 
9345 
1154 
1155 
1160 
1161 
9354 
5259 
5260 
1167 
1168 
9362 
1175 
1176 
9369 
5276 
5277 
9375 
1184 
1185 
9380 
9384 
1194 
1195 
9387 
9389 
5294 
9390 
5295 
1205 
1206 
1217 
5313 
5314 
1218 
9411 
1230 
1231 
9427 
5333 
5334 
1244 
1245 
9442 
5353 
5354 
1259 
1260 
9456 
1275 
1276 
5373 
9469 
5374 
9480 
1292 
1293 
5393 
5394 
9490 
9499 
1310 
1311 
9507 
5413 
5414 
9514 
9520 
1329 
1330 
1331 
1332 
1333 
9525 
1335 
1336 
5433 
9529 
5434 
1339 
1340 
9532 
9534 
9535 
1344 
1345 
1350 
1351 
1357 
5453 
1358 
5454 
9555 
1365 
1366 
1374 
1375 
5473 
9570 
1384 
1385 
9584 
1395 
1396 
5492 
9597 
1407 
1408 
5510 
9608 
1420 
1421 
9618 
5527 
1434 
1435 
9627 
9635 
5543 
1449 
1450 
9642 
9648 
9653 
5558 
1465 
9657 
1466 
9660 
9662 
9663 
5572 
5573 
1482 
1483 
5584 
9682 
1500 
1501 
5599 
5600 
9696 
9709 
1519 
1520 
5616 
5617 
9720 
5634 
9730 
5635 
1539 
1540 
1541 
1542 
1544 
1545 
9739 
1548 
1549 
1553 
1554 
9747 
5653 
5654 
1559 
1560 
9754 
1566 
1567 
9760 
9765 
1574 
1575 
9769 
5673 
5674 
9772 
9774 
1583 
9775 
1584 
9779 
1593 
1594 
5693 
5694 
9793 
1604 
1605 
9806 
1616 
1617 
5713 
5714 
9817 
1629 
1630 
9827 
5733 
5734 
1643 
1644 
9836 
9844 
5753 
5754 
1658 
1659 
9851 
9857 
9862 
1674 
9866 
1675 
5773 
9869 
5774 
9871 
9872 
9875 
1691 
1692 
9888 
5793 
5794 
9899 
1709 
1710 
5813 
9909 
9918 
1728 
1729 
9926 
5832 
9933 
9939 
1748 
1749 
9944 
5850 
9948 
9951 
9953 
9954 
9956 
1768 
1769 
1771 
5867 
1772 
1775 
9967 
1776 
1780 
1781 
9977 
1786 
1787 
5883 
1793 
1794 
9986 
1801 
1802 
5898 
9994 
10001 
1810 
1811 
10007 
5912 
1820 
10012 
1821 
10016 
10019 
5925 
10021 
5926 
10022 
1831 
10023 
1832 
5937 
10033 
1843 
1844 
10042 
1856 
1857 
5953 
5954 
10050 
10057 
1870 
1871 
10063 
5971 
5972 
10068 
10072 
10075 
1885 
10077 
1886 
10078 
5990 
5991 
10087 
1901 
1902 
10095 
10102 
6010 
6011 
10108 
1918 
1919 
10113 
10117 
10120 
10122 
10123 
6030 
6031 
1936 
1937 
10131 
10138 
10144 
6050 
6051 
1955 
1956 
10149 
10153 
10156 
10158 
10159 
6070 
10166 
6071 
1975 
1976 
10172 
10177 
10181 
10184 
6090 
10186 
6091 
1995 
10187 
1996 
10193 
10198 
10202 
10205 
6110 
6111 
2015 
10207 
2016 
10208 
2019 
2020 
10213 
2024 
2025 
10217 
10220 
2030 
10222 
2031 
10223 
6130 
6131 
10227 
2037 
2038 
10230 
10232 
10233 
10236 
2045 
2046 
10238 
10239 
10241 
10242 
10243 
2054 
6150 
2055 
2064 
2065 
6169 
2075 
2076 
2087 
2088 
6187 
2100 
2101 
6204 
2114 
2115 
6220 
2129 
2130 
6235 
2145 
2146 
6249 
2162 
2163 
6262 
6273 
2180 
2181 
6284 
2199 
2200 
6301 
6302 
2219 
2220 
6320 
6321 
2239 
2240 
6340 
6341 
2259 
2260 
6360 
6361 
2279 
2280 
2284 
6380 
2285 
6381 
2290 
2291 
2297 
2298 
6400 
6401 
2305 
2306 
2314 
2315 
2324 
6420 
2325 
6421 
2335 
2336 
6440 
6441 
2347 
2348 
2360 
2361 
6460 
6461 
2374 
2375 
6480 
2389 
2390 
6499 
2405 
2406 
6517 
2422 
2423 
6534 
2440 
2441 
6550 
2459 
2460 
6565 
2479 
2480 
6579 
6592 
2499 
2500 
6603 
6613 
2519 
2520 
6623 
2539 
2540 
6641 
6642 
2559 
2560 
2565 
6661 
2566 
6662 
2572 
2573 
2580 
2581 
6681 
6682 
2589 
2590 
2599 
2600 
6701 
6702 
2610 
2611 
2622 
2623 
6721 
6722 
2635 
2636 
6741 
6742 
2649 
2650 
2664 
2665 
6761 
6762 
2680 
2681 
6781 
6782 
2697 
2698 
6801 
2715 
2716 
6820 
2734 
2735 
6838 
2754 
2755 
6855 
2774 
2775 
6871 
6886 
2794 
2795 
6900 
2814 
2815 
6913 
6924 
2834 
2835 
6934 
6943 
2854 
2855 
6952 
2861 
2862 
2869 
2870 
6971 
6972 
2878 
2879 
2888 
2889 
6991 
6992 
2899 
2900 
2911 
2912 
7011 
7012 
2924 
2925 
7031 
7032 
2938 
2939 
2953 
2954 
7051 
7052 
2969 
2970 
7071 
7072 
2986 
2987 
7091 
7092 
3004 
3005 
7111 
3023 
3024 
7130 
3043 
3044 
7148 
3063 
3064 
7165 
3083 
3084 
7181 
7196 
3103 
3104 
7210 
3123 
3124 
7223 
7234 
3143 
3144 
7244 
7253 
3163 
3164 
7261 
3171 
3172 
7269 
3180 
3181 
3190 
3191 
7288 
7289 
3201 
3202 
7308 
7309 
3213 
3214 
3226 
3227 
7328 
7329 
3240 
3241 
7348 
7349 
3255 
3256 
3271 
3272 
7368 
7369 
3288 
3289 
7388 
7389 
3306 
3307 
7408 
3325 
3326 
7427 
3345 
3346 
7445 
3365 
3366 
7462 
7478 
3385 
3386 
7493 
3405 
3406 
7507 
7520 
3425 
3426 
7531 
3445 
7541 
3446 
7550 
7558 
3465 
3466 
7565 
7572 
3485 
3486 
3494 
3495 
7591 
7592 
3504 
3505 
3515 
7611 
3516 
7612 
3527 
3528 
7631 
7632 
3540 
3541 
3554 
3555 
7651 
7652 
3569 
3570 
7671 
7672 
3585 
3586 
7691 
3602 
3603 
7710 
3620 
3621 
7728 
3639 
3640 
7745 
3659 
3660 
7761 
3679 
3680 
7776 
7790 
3699 
3700 
7803 
7814 
3719 
3720 
7824 
7833 
3739 
3740 
7841 
7848 
7854 
3759 
3760 
7860 
3779 
3780 
7879 
7880 
3799 
7899 
7900 
3818 
3819 
7919 
7920 
3828 
3829 
3839 
3840 
7939 
7940 
3851 
3852 
7959 
3864 
3865 
3878 
3879 
7978 
3893 
3894 
7996 
3909 
3910 
8013 
3926 
3927 
8029 
3944 
3945 
8044 
8058 
3963 
3964 
8071 
3983 
3984 
8082 
8092 
4003 
4004 
8101 
8109 
8116 
4023 
4024 
8122 
8127 
8132 
4043 
4044 
8151 
8152 
4063 
4064 
8171 
8172 
4083 
4084 
8191 
)

// ************************************************************************* //
