/*--------------------------------*- C++ -*----------------------------------*\
  =========                 |
  \\      /  F ield         | OpenFOAM: The Open Source CFD Toolbox
   \\    /   O peration     | Website:  https://openfoam.org
    \\  /    A nd           | Version:  12
     \\/     M anipulation  |
\*---------------------------------------------------------------------------*/
/*   Windows 32 and 64 bit porting by blueCAPE: http://www.bluecape.com.pt   *\
|  Based on Windows porting (2.0.x v4) by Symscape: http://www.symscape.com   |
\*---------------------------------------------------------------------------*/
FoamFile
{
    format      ascii;
    class       cellSet;
    location    "constant/polyMesh/sets";
    object      meshProtectedCells;
}
// * * * * * * * * * * * * * * * * * * * * * * * * * * * * * * * * * * * * * //


1332
(
0 
1 
2 
3 
4099 
4100 
4 
5 
6 
7 
9 
10 
11 
12 
13 
15 
16 
19 
20 
21 
22 
4118 
23 
4119 
25 
26 
29 
8221 
8222 
30 
8223 
34 
35 
36 
37 
38 
40 
41 
4138 
4139 
44 
45 
49 
8242 
50 
55 
56 
57 
58 
59 
61 
4158 
62 
4159 
65 
66 
8260 
70 
71 
76 
77 
4178 
83 
4179 
84 
8277 
85 
86 
87 
89 
90 
93 
94 
98 
99 
8293 
4198 
4199 
104 
105 
111 
112 
8308 
119 
120 
121 
4218 
122 
4219 
123 
125 
126 
129 
8322 
130 
134 
135 
140 
141 
4238 
8335 
4239 
147 
148 
155 
8347 
156 
4258 
4259 
164 
165 
166 
167 
8359 
168 
170 
171 
174 
175 
8370 
179 
180 
4278 
4279 
185 
186 
8380 
192 
193 
8389 
200 
201 
4298 
8397 
209 
210 
8404 
8410 
219 
4316 
220 
221 
222 
8415 
223 
225 
226 
229 
230 
4327 
234 
235 
240 
241 
4340 
4341 
4342 
247 
248 
255 
8448 
256 
8449 
4356 
4357 
264 
265 
274 
8467 
275 
4372 
4373 
285 
286 
287 
288 
289 
291 
8484 
292 
4389 
4390 
295 
296 
300 
301 
306 
307 
8500 
4407 
4408 
313 
314 
321 
322 
8515 
330 
4426 
331 
4427 
8529 
340 
341 
4446 
8542 
351 
4447 
352 
8554 
363 
364 
365 
366 
367 
369 
4466 
370 
4467 
373 
8566 
374 
378 
379 
384 
8577 
385 
4486 
391 
4487 
392 
8587 
399 
400 
8596 
408 
409 
4506 
4507 
8604 
418 
8611 
419 
8617 
429 
4526 
8622 
430 
4527 
8626 
441 
442 
4546 
4547 
454 
455 
456 
457 
458 
460 
461 
464 
465 
8659 
469 
4566 
470 
4567 
475 
476 
482 
483 
8676 
4586 
490 
4587 
491 
499 
8692 
500 
509 
4606 
510 
8707 
520 
521 
4624 
8721 
532 
533 
8734 
545 
4641 
546 
8746 
4651 
559 
560 
561 
562 
563 
565 
8758 
566 
569 
4666 
570 
4667 
4668 
574 
575 
8769 
580 
581 
587 
4683 
8779 
588 
4684 
595 
8788 
596 
604 
4700 
8796 
605 
4701 
8803 
614 
615 
8809 
4718 
8814 
4719 
625 
8818 
626 
8821 
637 
638 
4737 
4738 
650 
651 
4757 
8853 
4758 
664 
665 
8869 
679 
680 
4777 
681 
682 
4778 
683 
685 
686 
689 
690 
8884 
694 
695 
700 
4797 
701 
4798 
8898 
707 
708 
715 
716 
8911 
4817 
4818 
724 
725 
8923 
734 
735 
4837 
4838 
8935 
745 
746 
8946 
757 
758 
4857 
4858 
8956 
770 
771 
8965 
4877 
8973 
4878 
784 
785 
8980 
8986 
799 
8991 
800 
4897 
4898 
8995 
8998 
9000 
815 
816 
817 
818 
819 
821 
4917 
822 
825 
826 
830 
831 
836 
837 
9031 
4935 
843 
844 
851 
852 
9046 
4952 
860 
861 
9060 
870 
871 
4968 
881 
9073 
4977 
882 
893 
9085 
894 
4994 
4995 
4996 
9097 
906 
907 
5012 
9108 
5013 
920 
921 
9118 
5030 
935 
9127 
5031 
936 
9135 
9142 
951 
952 
5049 
5050 
9148 
9153 
9157 
968 
9160 
969 
9162 
970 
971 
9163 
972 
5069 
974 
5070 
975 
978 
979 
983 
984 
989 
990 
5089 
5090 
996 
997 
9193 
1004 
1005 
1013 
5109 
5110 
1014 
9207 
1023 
1024 
9220 
5129 
1034 
5130 
1035 
9232 
1046 
1047 
9244 
5149 
5150 
1059 
1060 
9255 
1073 
5169 
9265 
5170 
1074 
9274 
1088 
1089 
9282 
5189 
5190 
9289 
9295 
1104 
1105 
9300 
9304 
5209 
5210 
9307 
9309 
9310 
9311 
1121 
1122 
5229 
1139 
1140 
1141 
1142 
1144 
1145 
9339 
1148 
1149 
5247 
1153 
1154 
1159 
9352 
1160 
1166 
1167 
5264 
9364 
1174 
1175 
1183 
9376 
5280 
1184 
1193 
1194 
9387 
5295 
1204 
9397 
1205 
5303 
9406 
1216 
1217 
9414 
5322 
5323 
5324 
1229 
9421 
1230 
9427 
9432 
1243 
9436 
1244 
5341 
5342 
9439 
9441 
9442 
9443 
1258 
1259 
5360 
5361 
1274 
1275 
9469 
5380 
5381 
9481 
1291 
1292 
9493 
5400 
5401 
1309 
1310 
9504 
9514 
5420 
5421 
1328 
1329 
1331 
9523 
1332 
1335 
1336 
9531 
1340 
1341 
5440 
5441 
1346 
9538 
1347 
9544 
1353 
1354 
9549 
1361 
9553 
1362 
5460 
9556 
5461 
9558 
9559 
9560 
1370 
1371 
1380 
1381 
5480 
5481 
1391 
9584 
1392 
1403 
5500 
9596 
1404 
5501 
9607 
1416 
1417 
5520 
9617 
5521 
1430 
1431 
9626 
9634 
5540 
1445 
1446 
9641 
9647 
9652 
1461 
5558 
1462 
9656 
9659 
9661 
9662 
9663 
1478 
5575 
1479 
9686 
5591 
1496 
1497 
9697 
5606 
1515 
9707 
1516 
9716 
5620 
5627 
9724 
1535 
1536 
1539 
9731 
1540 
1544 
9737 
1545 
1550 
9742 
1551 
5648 
5649 
9746 
5650 
1557 
9749 
1558 
9751 
9752 
9753 
1565 
1566 
5668 
5669 
1574 
1575 
9775 
1584 
1585 
5688 
9785 
5689 
1595 
1596 
9794 
1607 
1608 
9802 
5708 
5709 
9809 
1620 
1621 
9815 
9820 
5728 
9824 
5729 
1634 
9827 
1635 
9829 
9830 
9831 
1649 
1650 
5748 
5749 
9851 
1665 
1666 
9860 
5768 
5769 
9868 
1682 
9875 
1683 
9881 
5788 
5789 
9886 
9890 
1700 
9893 
1701 
9895 
9896 
9897 
5808 
5809 
1719 
1720 
9915 
9923 
5828 
5829 
9930 
1739 
1740 
9936 
9941 
5848 
9945 
9948 
9950 
1759 
9951 
9952 
1760 
1764 
1765 
1770 
5866 
1771 
9968 
1777 
1778 
9975 
1785 
1786 
5883 
9981 
1794 
9986 
1795 
9990 
9993 
9995 
5899 
1804 
9996 
9997 
1805 
1815 
1816 
5914 
10011 
10017 
1827 
1828 
10022 
5928 
10026 
10029 
10031 
1840 
10032 
10033 
1841 
5941 
5947 
10045 
1854 
1855 
10050 
10054 
10057 
10059 
10060 
1869 
10061 
1870 
5970 
5971 
5972 
10071 
10075 
1885 
10078 
1886 
10080 
10081 
10082 
5991 
5992 
10090 
10093 
1902 
10095 
1903 
10096 
10097 
10103 
10105 
10106 
6011 
10107 
6012 
10111 
1920 
10112 
10113 
1921 
10115 
6031 
6032 
1939 
1940 
6051 
6052 
1959 
1960 
6071 
6072 
1979 
1980 
6091 
6092 
1999 
2004 
2005 
2011 
2012 
6111 
6112 
2019 
2020 
2028 
2029 
6131 
6132 
2038 
2039 
2049 
2050 
6151 
2061 
2062 
6169 
2074 
2075 
2088 
2089 
6186 
2103 
2104 
6202 
2119 
2120 
6217 
6231 
2136 
2137 
6244 
2154 
2155 
6256 
6261 
2173 
2174 
6286 
6287 
6288 
2193 
2194 
6307 
6308 
2213 
2214 
6327 
6328 
2233 
2234 
6347 
6348 
2252 
2258 
2259 
2266 
2267 
6367 
6368 
2275 
2276 
2285 
2286 
6387 
6388 
2296 
2297 
2308 
2309 
6407 
6408 
2321 
2322 
6427 
6428 
2335 
2336 
2350 
6447 
2351 
2366 
2367 
6465 
2383 
2384 
6482 
2401 
6498 
2402 
6513 
2420 
2421 
6527 
2440 
2441 
6540 
6552 
2460 
2461 
6564 
6568 
2480 
2481 
6594 
6595 
2500 
6596 
2501 
2518 
6615 
6616 
2525 
2526 
2534 
2535 
6635 
6636 
2544 
2545 
2555 
2556 
6655 
6656 
2567 
2568 
6675 
2580 
6676 
2581 
2594 
2595 
6695 
6696 
2609 
2610 
6715 
6716 
2625 
2626 
6735 
2642 
2643 
6753 
2660 
2661 
6770 
2679 
2680 
6786 
2699 
2700 
6801 
2719 
6815 
2720 
6828 
2739 
2740 
6840 
6852 
2759 
2760 
6863 
6866 
2779 
2780 
2796 
6893 
6894 
6895 
2804 
2805 
2814 
2815 
6914 
6915 
2825 
2826 
2837 
6934 
2838 
6935 
2850 
2851 
6954 
6955 
2864 
2865 
6974 
2879 
6975 
2880 
2895 
2896 
6994 
6995 
2912 
2913 
7014 
2930 
2931 
7032 
2949 
2950 
7049 
2969 
7065 
2970 
7080 
2989 
2990 
7094 
3009 
3010 
7107 
7119 
3029 
3030 
7131 
7142 
3049 
3050 
7152 
7154 
3069 
3070 
3085 
7182 
7183 
7184 
3094 
3095 
3105 
3106 
7203 
7204 
3117 
3118 
7223 
7224 
3130 
3131 
3144 
3145 
7243 
7244 
3159 
3160 
7263 
7264 
3175 
3176 
7283 
3192 
3193 
7301 
3210 
3211 
7318 
3229 
3230 
7334 
3249 
3250 
7349 
7363 
3269 
3270 
7376 
3289 
3290 
7388 
7400 
3309 
3310 
7411 
7421 
3329 
3330 
7430 
7431 
3349 
3350 
7460 
7461 
7462 
3369 
3370 
3384 
7481 
7482 
3394 
3395 
7501 
3406 
7502 
3407 
3419 
3420 
7521 
7522 
3433 
3434 
7541 
3448 
3449 
7559 
3464 
3465 
7576 
3481 
3482 
7592 
3499 
3500 
7607 
3518 
3519 
7621 
3538 
7634 
3539 
7646 
3558 
3559 
7658 
7669 
3578 
3579 
7679 
7688 
3598 
3599 
7696 
3618 
3619 
7726 
7727 
7728 
3638 
3639 
7747 
7748 
3658 
3659 
7767 
7768 
3678 
3679 
7787 
3692 
3703 
3704 
7805 
3716 
3717 
7822 
3730 
3731 
7838 
3745 
3746 
7853 
3761 
3762 
7867 
3778 
3779 
7880 
3796 
7892 
3797 
7904 
3815 
3816 
7915 
7925 
3835 
3836 
7934 
7942 
7949 
3855 
3856 
3875 
3876 
7980 
7981 
7982 
3895 
3896 
8001 
8002 
3915 
3916 
8021 
3935 
3936 
8039 
3955 
3956 
8056 
3975 
8072 
3976 
8087 
3995 
8101 
4007 
8114 
4019 
4020 
8126 
4033 
4034 
8138 
4048 
4049 
8149 
8159 
4064 
4065 
8168 
8176 
4081 
4082 
8183 
8189 
)

// ************************************************************************* //
