/*--------------------------------*- C++ -*----------------------------------*\
  =========                 |
  \\      /  F ield         | OpenFOAM: The Open Source CFD Toolbox
   \\    /   O peration     | Website:  https://openfoam.org
    \\  /    A nd           | Version:  12
     \\/     M anipulation  |
\*---------------------------------------------------------------------------*/
/*   Windows 32 and 64 bit porting by blueCAPE: http://www.bluecape.com.pt   *\
|  Based on Windows porting (2.0.x v4) by Symscape: http://www.symscape.com   |
\*---------------------------------------------------------------------------*/
FoamFile
{
    format      ascii;
    class       cellSet;
    location    "constant/polyMesh/sets";
    object      meshProtectedCells;
}
// * * * * * * * * * * * * * * * * * * * * * * * * * * * * * * * * * * * * * //


1907
(
0 
1 
2 
3 
4 
5 
8198 
6 
7 
8 
9 
11 
12 
13 
8206 
14 
15 
17 
18 
8213 
21 
22 
23 
24 
25 
8219 
27 
28 
4125 
31 
8224 
32 
8225 
36 
37 
38 
8231 
39 
40 
8233 
8234 
42 
8235 
43 
8236 
8237 
46 
8238 
8239 
47 
8240 
8241 
8242 
8243 
4147 
51 
8244 
4148 
52 
8245 
8246 
8247 
8248 
8249 
57 
8250 
58 
8251 
59 
8252 
60 
8253 
61 
8254 
8255 
63 
64 
8256 
4162 
67 
68 
72 
73 
78 
4175 
79 
85 
86 
87 
88 
89 
4187 
91 
92 
95 
96 
100 
101 
4198 
106 
107 
4208 
113 
114 
120 
4217 
121 
4218 
122 
123 
4219 
4220 
124 
4221 
126 
4222 
4223 
127 
4224 
4225 
130 
4226 
8323 
4227 
131 
4228 
4229 
4230 
135 
4231 
4232 
136 
4233 
4234 
4235 
4236 
141 
4237 
4238 
142 
4239 
4240 
8339 
4244 
148 
149 
4249 
155 
156 
4255 
8354 
162 
163 
164 
165 
4262 
166 
167 
168 
169 
172 
173 
174 
4270 
175 
8368 
179 
180 
4279 
185 
186 
8381 
192 
4289 
193 
199 
200 
8393 
4300 
206 
207 
8404 
214 
215 
216 
4312 
217 
218 
219 
220 
222 
8414 
223 
228 
229 
4325 
230 
8423 
231 
236 
237 
8432 
4339 
243 
244 
8440 
250 
251 
8447 
257 
4354 
258 
8453 
265 
8458 
266 
8462 
8463 
8466 
274 
4370 
275 
8468 
276 
277 
8469 
8470 
278 
8471 
279 
8472 
281 
8473 
8474 
8475 
283 
8476 
8477 
8478 
8479 
8480 
8481 
289 
8482 
290 
8483 
291 
8484 
8485 
8486 
8487 
8488 
8489 
297 
298 
304 
305 
311 
312 
319 
320 
328 
329 
338 
339 
340 
341 
342 
343 
344 
345 
346 
347 
8540 
348 
351 
353 
4452 
4453 
360 
361 
362 
8556 
368 
369 
4468 
375 
376 
8571 
383 
384 
4482 
392 
8585 
393 
4495 
402 
403 
8598 
4507 
413 
414 
415 
416 
417 
8610 
418 
419 
420 
421 
4518 
422 
423 
424 
425 
426 
427 
8621 
431 
4528 
433 
435 
8631 
4537 
442 
443 
444 
8640 
4546 
450 
4547 
451 
4548 
4549 
4550 
4551 
4552 
8649 
4553 
458 
4554 
4555 
459 
4556 
4557 
4558 
4559 
4560 
8657 
4561 
4562 
467 
4563 
4564 
468 
4565 
4566 
4567 
4568 
8664 
4569 
477 
8670 
478 
4574 
8675 
4580 
8679 
488 
489 
8682 
8683 
4587 
8685 
8686 
8687 
8688 
8689 
8690 
8691 
4595 
8692 
500 
8693 
501 
8694 
502 
8695 
503 
8696 
504 
8697 
505 
8698 
506 
8699 
507 
8700 
4604 
508 
509 
8701 
8702 
510 
8703 
511 
8704 
8705 
513 
515 
516 
517 
518 
4614 
519 
524 
526 
527 
4625 
529 
530 
531 
537 
538 
539 
540 
4637 
541 
8739 
548 
549 
4650 
557 
558 
8755 
567 
4664 
568 
8770 
578 
579 
4679 
590 
591 
8784 
4695 
603 
604 
8797 
605 
606 
607 
608 
609 
610 
611 
612 
613 
614 
615 
8809 
617 
620 
623 
624 
8820 
628 
632 
633 
634 
637 
8830 
638 
639 
640 
646 
8839 
648 
649 
650 
651 
652 
8848 
660 
661 
8856 
4762 
670 
8863 
671 
8869 
681 
8874 
4778 
682 
8878 
8881 
8883 
8884 
693 
8885 
8886 
694 
8887 
8888 
8889 
4793 
8890 
4794 
8891 
8892 
8893 
8894 
8895 
8896 
8897 
8898 
706 
8899 
707 
8900 
8901 
8902 
8903 
720 
721 
722 
723 
4820 
724 
725 
726 
8920 
728 
729 
730 
731 
733 
4832 
736 
740 
8936 
744 
4843 
749 
750 
751 
754 
757 
4853 
8951 
760 
761 
762 
4862 
769 
770 
8965 
773 
774 
4871 
775 
776 
4879 
4880 
785 
4881 
8978 
4882 
786 
4883 
4884 
4885 
4886 
4887 
4888 
4889 
4890 
4891 
4892 
796 
4893 
797 
8990 
4894 
4895 
4896 
4897 
4898 
4899 
4900 
4901 
4902 
808 
9001 
809 
4908 
9011 
4915 
821 
822 
4923 
9020 
835 
9028 
836 
4932 
9036 
4942 
850 
9043 
851 
852 
853 
854 
855 
856 
9049 
4953 
858 
859 
860 
861 
9054 
862 
864 
9058 
867 
9061 
4965 
9063 
871 
9064 
9065 
9066 
9067 
9068 
876 
9069 
9070 
9071 
9072 
9073 
881 
9074 
4978 
9075 
9076 
9077 
9078 
9079 
887 
9080 
888 
9081 
9082 
892 
893 
4992 
898 
899 
9098 
907 
911 
5007 
912 
913 
9113 
923 
924 
5023 
9127 
935 
936 
9140 
948 
949 
9152 
962 
963 
9163 
977 
978 
9173 
9182 
993 
5090 
994 
995 
996 
997 
9190 
998 
999 
1000 
1001 
1002 
1003 
1004 
9197 
1006 
1009 
5106 
9204 
1013 
9210 
1018 
9215 
1024 
5121 
9219 
9222 
1030 
9224 
9225 
9226 
9227 
9228 
9229 
9230 
9231 
5135 
9232 
5136 
9233 
9234 
9235 
9236 
9237 
1045 
9238 
1046 
9239 
9240 
9241 
1058 
1059 
1060 
9256 
5160 
1071 
1072 
5171 
9270 
1084 
5181 
1085 
9283 
5190 
1098 
1099 
9295 
5199 
5207 
1113 
9306 
1114 
5214 
5215 
5216 
5217 
5218 
5219 
9316 
5220 
5221 
5222 
5223 
5224 
5225 
1129 
5226 
1130 
5227 
5228 
9325 
5229 
5230 
5231 
5232 
5233 
5234 
5235 
5236 
9333 
1146 
1147 
5243 
9340 
1148 
1149 
1150 
1151 
1152 
1153 
9346 
1154 
1155 
5251 
1156 
1157 
1159 
9352 
1162 
5260 
9357 
1166 
9361 
1171 
9364 
9366 
5270 
9367 
9368 
9369 
1177 
9370 
9371 
9372 
9373 
9374 
9375 
9376 
1184 
9377 
5281 
9378 
9379 
9380 
9381 
9382 
1191 
5293 
9396 
1208 
1209 
5306 
9409 
1222 
1223 
5320 
1224 
9421 
1236 
1237 
5335 
9432 
9442 
1250 
1251 
5351 
9451 
1265 
1266 
9459 
9466 
9472 
1281 
1282 
9477 
9482 
9486 
9489 
1298 
9491 
1299 
9492 
9493 
9494 
9495 
9496 
9497 
9498 
9499 
9500 
9501 
9502 
9503 
9504 
9505 
9506 
1316 
1317 
1318 
1319 
1320 
1321 
5418 
1322 
1323 
1324 
1325 
1326 
9519 
1327 
1328 
1330 
1333 
1337 
5434 
9531 
1342 
1348 
9542 
5449 
1355 
9552 
1363 
5463 
9561 
1371 
9569 
5476 
5477 
9576 
9582 
1390 
1391 
9587 
9591 
9595 
5499 
1405 
9598 
1406 
1407 
9600 
9601 
9602 
9603 
9604 
9605 
5509 
9606 
9607 
9608 
9609 
9610 
9611 
9612 
1420 
9613 
1421 
5518 
9614 
5527 
9626 
1435 
1436 
5535 
9637 
5542 
1451 
5548 
1452 
5549 
5550 
9647 
5551 
5552 
5553 
5554 
5555 
5556 
5557 
5558 
5559 
9656 
5560 
5561 
5562 
5563 
5564 
1468 
5565 
1469 
5566 
5567 
5568 
9664 
5569 
5570 
9671 
5578 
9677 
1486 
9682 
5587 
9686 
9689 
9692 
5597 
9694 
9695 
9696 
1504 
9697 
1505 
9698 
1506 
9699 
1507 
9700 
1508 
9701 
1509 
9702 
1510 
9703 
1511 
9704 
1512 
5608 
9705 
1513 
9706 
1514 
1515 
9707 
1516 
1517 
1519 
1522 
5620 
9718 
1526 
1531 
9728 
5633 
1537 
1544 
9737 
5647 
1552 
9745 
9752 
1561 
9758 
5662 
1570 
9763 
9767 
9770 
9772 
9774 
5678 
9775 
9776 
9777 
9778 
9779 
9780 
9781 
9782 
9783 
1591 
9784 
1592 
9785 
9786 
9796 
1607 
1608 
1609 
9805 
9813 
1623 
1624 
9820 
9826 
9831 
1639 
1640 
9835 
9838 
9840 
9841 
5745 
9842 
9843 
9844 
9845 
9846 
9847 
9848 
1656 
9849 
1657 
9850 
9851 
9852 
5761 
9861 
1674 
9869 
5776 
9876 
9882 
1692 
5790 
9887 
9891 
9894 
9896 
9897 
9898 
9899 
5803 
9900 
9901 
9902 
1710 
9903 
1711 
9904 
1712 
1713 
9905 
1714 
9906 
1715 
1716 
1717 
1718 
5815 
1719 
5816 
1720 
1721 
1722 
9914 
1723 
1724 
1726 
9921 
1729 
1733 
9927 
1738 
9932 
5836 
9936 
1744 
9939 
9941 
5845 
9942 
9943 
1751 
9944 
9945 
9946 
9947 
9948 
9949 
5854 
9950 
1759 
9957 
5862 
1768 
9963 
5869 
9968 
1778 
5875 
9972 
9975 
5880 
9977 
5881 
9978 
5882 
9979 
5883 
9980 
5884 
1788 
9981 
5885 
9982 
5886 
9983 
5887 
5888 
9984 
5889 
9985 
5890 
5891 
5892 
5893 
5894 
5895 
9991 
5896 
5897 
5898 
5899 
5900 
9996 
5901 
5902 
10000 
10003 
1811 
1812 
10005 
10006 
10007 
5911 
10008 
10009 
10010 
10011 
10012 
10017 
5921 
1828 
10021 
1829 
1830 
10024 
10026 
10027 
10028 
5932 
10029 
10030 
10031 
10032 
10036 
1845 
1846 
10039 
5944 
10041 
10042 
10043 
10044 
10045 
10046 
10049 
10051 
10052 
10053 
5957 
1862 
10054 
10055 
1863 
10057 
10058 
10059 
10060 
10061 
10062 
5971 
1880 
5986 
1898 
6002 
1916 
1933 
1934 
1935 
1936 
1937 
1938 
1939 
1940 
1941 
1942 
1943 
1944 
1945 
1946 
1947 
1948 
1949 
1951 
1954 
1958 
1963 
1969 
6069 
1976 
1984 
6085 
1993 
2003 
6100 
2014 
6114 
2025 
6127 
6139 
2050 
2051 
6150 
6151 
2068 
2069 
2070 
6169 
6178 
2086 
2087 
6186 
6193 
6199 
2104 
6204 
6208 
6209 
6210 
6211 
6212 
6213 
6214 
6215 
6216 
6217 
6218 
2122 
6219 
6220 
6221 
6222 
6223 
6224 
6225 
6226 
6227 
6228 
6229 
6230 
2140 
6240 
6251 
2157 
2158 
6263 
2174 
2175 
2176 
2177 
2178 
2179 
2180 
6276 
2181 
2182 
2183 
2184 
2185 
2186 
2187 
2188 
2189 
2190 
2192 
6290 
2195 
2199 
2204 
6305 
2210 
2217 
6321 
2225 
2234 
2244 
2255 
2267 
2279 
6388 
2306 
2307 
6404 
6419 
2325 
2326 
2327 
6433 
2344 
6446 
6458 
2362 
6469 
2380 
6479 
6480 
2397 
2398 
6497 
6505 
2414 
6512 
6518 
6523 
2429 
2430 
6527 
2431 
2432 
2433 
6530 
2434 
2435 
6531 
2436 
6532 
2437 
6533 
2438 
6534 
2439 
6535 
2440 
6536 
2441 
6537 
2442 
6538 
6539 
2443 
2444 
6540 
6541 
2445 
2446 
6542 
6543 
6544 
2448 
6545 
6546 
6547 
2451 
6548 
6549 
6550 
6551 
2455 
6552 
2460 
2466 
6563 
2473 
6575 
2481 
2490 
6588 
2500 
6602 
2511 
6617 
2523 
2536 
6633 
2549 
2578 
2579 
2598 
2599 
6700 
2617 
6716 
6731 
2635 
6745 
2652 
2653 
6758 
2669 
6770 
2684 
6781 
6791 
2698 
2699 
2700 
2701 
2702 
2703 
6800 
2704 
6801 
2705 
2706 
2707 
2708 
2709 
2710 
2711 
2712 
2713 
2714 
2715 
2716 
2718 
6817 
2721 
2725 
6824 
2730 
6830 
2736 
6835 
6839 
2743 
6842 
6844 
6845 
6846 
6847 
2751 
6848 
6849 
6850 
6851 
6852 
6853 
6854 
6855 
6856 
2760 
6857 
6858 
6859 
6860 
6861 
6862 
6863 
6864 
6865 
2770 
6866 
2781 
6878 
2793 
6891 
2806 
6905 
2820 
6920 
2834 
6936 
2865 
2885 
2886 
2904 
7003 
2921 
2922 
7019 
7034 
2938 
7048 
2953 
7061 
2967 
7073 
2980 
2981 
2982 
2983 
2984 
2985 
2986 
2987 
7084 
2988 
2989 
2990 
2991 
2992 
2993 
2994 
2995 
2996 
2997 
7094 
2998 
2999 
3001 
3004 
7103 
3008 
3013 
7112 
7113 
3019 
3026 
7127 
3034 
7133 
7138 
3043 
7142 
7145 
7147 
7148 
7149 
3053 
7150 
7151 
7152 
7153 
7154 
7155 
7156 
7157 
7158 
7159 
7160 
3064 
7161 
7162 
7163 
7164 
7165 
7166 
7167 
7168 
7169 
7170 
3076 
7183 
3089 
7197 
3103 
7212 
3118 
7228 
3133 
3185 
3186 
7295 
3203 
3204 
7311 
3220 
7326 
3235 
7340 
3249 
7353 
3262 
7365 
3274 
3275 
3276 
3277 
3278 
3279 
7376 
3280 
3281 
3282 
3283 
3284 
3285 
3286 
3287 
3288 
3289 
7386 
3290 
3291 
3292 
3293 
3294 
3296 
7395 
3299 
3303 
7404 
3308 
3314 
7412 
7413 
3321 
7425 
3329 
7430 
7434 
3338 
7437 
7438 
7440 
7441 
7442 
7443 
7444 
3348 
7445 
7446 
7447 
7448 
7449 
7450 
7451 
7452 
7453 
7454 
7455 
3359 
7456 
7457 
7458 
7459 
7460 
7461 
7462 
3371 
7476 
3384 
7491 
3398 
7507 
3413 
3429 
7574 
7590 
3494 
3497 
3498 
7605 
3514 
7619 
3529 
7632 
3543 
7644 
3556 
7655 
3568 
7665 
7674 
3579 
3580 
3581 
3582 
3583 
3584 
3585 
3586 
7683 
3587 
3588 
3589 
3590 
3591 
3592 
3593 
3594 
7691 
3595 
3596 
3597 
3598 
3599 
3600 
7698 
3602 
7699 
3605 
3609 
7709 
3614 
7713 
7716 
3620 
7718 
7719 
7720 
7721 
7722 
7723 
3627 
7724 
7725 
7726 
7727 
7728 
7729 
7730 
7731 
3635 
7732 
7733 
7734 
7735 
7736 
7737 
7738 
7739 
7740 
3644 
7741 
3654 
7756 
3665 
7772 
3677 
3690 
3704 
3719 
3735 
7839 
7855 
7870 
7884 
7897 
7909 
3816 
3817 
3819 
7920 
7930 
3834 
7939 
3848 
7948 
7956 
3861 
7963 
7969 
3873 
7970 
7978 
3884 
7981 
7983 
7984 
7985 
7986 
7987 
7988 
7989 
3894 
7990 
3895 
7991 
7992 
3896 
7993 
3897 
7994 
3898 
7995 
3899 
7996 
3900 
7997 
3901 
7998 
3902 
7999 
3903 
8000 
3904 
8001 
3905 
8002 
3906 
8003 
3907 
8004 
3908 
8005 
3909 
3910 
8006 
3911 
3912 
3913 
3914 
3915 
3916 
3917 
3920 
3924 
8022 
3929 
3935 
3942 
3950 
3959 
3969 
3980 
3992 
8089 
4005 
8105 
4019 
8120 
4034 
8134 
4050 
8147 
8159 
8170 
8180 
8189 
)

// ************************************************************************* //
