/*--------------------------------*- C++ -*----------------------------------*\
  =========                 |
  \\      /  F ield         | OpenFOAM: The Open Source CFD Toolbox
   \\    /   O peration     | Website:  https://openfoam.org
    \\  /    A nd           | Version:  12
     \\/     M anipulation  |
\*---------------------------------------------------------------------------*/
/*   Windows 32 and 64 bit porting by blueCAPE: http://www.bluecape.com.pt   *\
|  Based on Windows porting (2.0.x v4) by Symscape: http://www.symscape.com   |
\*---------------------------------------------------------------------------*/
FoamFile
{
    format      ascii;
    class       cellSet;
    location    "constant/polyMesh/sets";
    object      meshProtectedCells;
}
// * * * * * * * * * * * * * * * * * * * * * * * * * * * * * * * * * * * * * //


1338
(
0 
1 
2 
3 
4 
5 
6 
7 
9 
8202 
10 
11 
12 
4108 
4109 
13 
15 
16 
19 
20 
21 
22 
23 
25 
26 
29 
8221 
30 
4128 
4129 
34 
35 
36 
37 
38 
40 
41 
44 
45 
8239 
49 
50 
4148 
4149 
55 
56 
57 
58 
59 
61 
62 
8256 
65 
8257 
66 
70 
71 
4168 
4169 
76 
77 
8273 
83 
84 
85 
86 
87 
89 
90 
4188 
93 
4189 
94 
8288 
98 
99 
104 
105 
8302 
111 
4208 
112 
4210 
4214 
119 
120 
121 
122 
8315 
123 
125 
126 
129 
130 
4227 
4228 
134 
8327 
135 
140 
141 
8338 
4242 
147 
4243 
148 
155 
8348 
156 
4258 
4259 
164 
8357 
165 
166 
167 
168 
170 
171 
8365 
174 
175 
179 
4275 
8372 
180 
4276 
185 
8378 
186 
8383 
192 
193 
4293 
4294 
200 
201 
209 
8401 
210 
4312 
4313 
219 
220 
221 
222 
223 
225 
226 
8420 
229 
230 
234 
235 
4332 
4333 
240 
241 
247 
8439 
248 
255 
4352 
256 
4353 
264 
8457 
265 
274 
275 
4372 
4373 
8474 
285 
286 
287 
288 
289 
291 
292 
295 
4392 
296 
4393 
8490 
8491 
300 
301 
306 
307 
313 
8506 
314 
4412 
4413 
321 
322 
8520 
330 
331 
4432 
4433 
340 
8533 
341 
351 
352 
8545 
4452 
4453 
363 
8556 
364 
365 
366 
367 
369 
370 
373 
8566 
374 
4472 
4473 
378 
379 
8575 
384 
385 
391 
8583 
392 
4492 
4493 
8590 
399 
400 
8596 
408 
8601 
409 
8605 
4512 
418 
419 
429 
430 
4530 
4531 
4536 
441 
442 
8642 
4550 
454 
455 
4551 
456 
457 
459 
460 
463 
464 
468 
8660 
469 
4566 
4567 
474 
475 
481 
482 
8677 
4583 
4584 
489 
490 
498 
499 
8693 
4601 
4602 
508 
509 
8708 
8709 
519 
520 
4620 
4621 
531 
8723 
532 
544 
8736 
4640 
545 
4641 
8748 
557 
558 
559 
560 
562 
563 
4660 
4661 
566 
8759 
567 
571 
572 
577 
8769 
578 
584 
4680 
4681 
585 
8778 
592 
593 
8786 
601 
8793 
602 
4700 
4701 
8799 
611 
8804 
612 
8808 
622 
623 
4720 
4721 
634 
635 
8829 
4740 
4741 
647 
648 
8847 
661 
662 
4760 
4761 
8864 
674 
675 
676 
677 
679 
680 
683 
4780 
684 
4781 
688 
8880 
689 
694 
695 
701 
702 
8895 
4800 
4801 
709 
710 
8909 
718 
8910 
719 
4820 
728 
729 
8923 
739 
740 
4838 
8935 
751 
752 
8946 
4855 
764 
8956 
765 
4861 
8965 
778 
779 
4876 
8973 
4877 
8980 
793 
8986 
794 
4893 
4894 
8991 
8995 
8998 
806 
807 
808 
809 
811 
812 
815 
4911 
816 
4912 
820 
821 
9017 
826 
827 
833 
834 
4930 
4931 
841 
9034 
842 
850 
851 
4950 
4951 
9050 
860 
861 
871 
872 
9065 
4970 
4971 
883 
884 
9079 
4990 
4991 
896 
897 
9092 
9093 
910 
911 
9105 
5010 
5011 
9116 
925 
926 
5030 
9126 
5031 
941 
942 
9135 
9143 
5050 
954 
5051 
955 
956 
957 
9150 
959 
960 
963 
9156 
964 
968 
9161 
969 
9165 
5070 
974 
5071 
975 
9168 
9170 
981 
982 
989 
990 
5090 
9187 
5091 
998 
999 
1008 
1009 
9203 
5110 
5111 
1019 
1020 
9218 
1031 
1032 
5130 
9232 
1044 
1045 
5148 
9245 
1058 
1059 
9257 
9258 
5165 
1073 
1074 
9269 
5181 
9279 
1089 
1090 
5188 
9288 
9296 
1106 
1107 
5204 
5205 
9303 
9309 
1119 
1120 
1121 
9314 
1123 
1124 
9318 
5222 
1127 
5223 
1128 
9321 
9323 
1132 
1133 
1138 
1139 
1145 
5241 
1146 
5242 
9339 
1153 
1154 
1162 
9354 
1163 
5261 
5262 
1172 
1173 
9368 
1183 
1184 
5281 
5282 
9381 
1195 
1196 
9393 
5301 
5302 
1208 
1209 
9404 
9405 
1222 
9415 
1223 
5321 
5322 
9424 
1237 
1238 
9432 
5341 
5342 
9439 
1253 
9445 
1254 
9450 
9454 
5361 
9457 
5362 
9459 
1270 
1271 
9474 
5381 
5382 
1288 
1289 
9488 
1301 
1303 
1304 
5401 
5402 
1307 
1308 
9501 
1312 
1313 
1318 
1319 
9513 
5421 
1325 
5422 
1326 
9524 
1333 
1334 
1342 
9534 
9535 
1343 
5441 
1352 
9544 
1353 
9552 
1363 
5459 
1364 
9559 
9565 
1375 
1376 
9570 
5476 
9574 
9577 
9579 
1388 
1389 
5492 
9593 
1402 
1403 
5507 
9606 
1417 
1418 
5515 
9618 
1433 
1434 
5532 
9629 
5533 
9639 
1450 
1451 
5551 
9648 
5552 
9649 
9657 
1468 
1469 
9664 
5571 
5572 
9670 
9675 
1487 
9679 
1488 
9682 
9684 
5591 
5592 
1500 
1503 
1504 
9697 
1508 
1509 
1514 
5611 
1515 
5612 
9709 
1521 
1522 
9720 
1529 
1530 
5631 
5632 
1538 
9730 
1539 
9739 
1548 
1549 
5651 
9747 
9748 
5652 
1559 
1560 
9755 
9761 
1571 
1572 
9766 
5671 
5672 
9770 
9773 
9775 
1584 
1585 
5691 
9787 
5692 
1598 
1599 
9798 
1613 
1614 
5711 
9808 
5712 
9817 
1629 
1630 
9825 
5731 
5732 
9832 
9833 
1646 
9839 
1647 
9844 
5751 
9848 
9851 
9853 
1664 
1665 
9864 
5769 
9874 
1683 
1684 
5786 
9883 
9891 
1703 
1704 
9898 
5802 
9904 
9905 
1715 
9910 
1719 
1720 
5817 
9914 
9917 
1725 
1726 
9919 
1732 
1733 
5831 
9929 
1740 
1741 
5840 
9938 
1749 
1750 
9946 
1759 
1760 
9953 
5858 
5859 
9959 
1770 
1771 
9964 
9965 
9969 
9972 
1782 
9974 
5878 
1783 
5879 
9983 
1795 
1796 
9991 
5898 
5899 
9998 
1809 
1810 
10004 
10009 
10013 
10014 
5918 
5919 
1824 
10017 
1825 
10019 
10027 
1840 
1841 
10034 
5938 
5939 
10040 
10045 
1857 
10049 
1858 
10052 
10053 
5958 
10055 
5959 
10062 
1875 
10068 
1876 
10073 
5978 
5979 
10077 
10080 
10082 
10083 
1894 
1895 
10089 
5998 
10094 
5999 
10098 
10101 
10103 
10104 
1914 
1915 
10109 
10113 
6018 
6019 
10116 
10118 
10119 
10123 
1934 
10126 
1935 
10128 
10129 
10132 
6038 
10134 
10135 
6039 
10137 
1945 
10138 
10139 
1950 
1951 
1957 
1958 
6058 
1965 
1966 
1974 
1975 
6076 
1984 
1985 
1995 
1996 
6093 
2007 
2008 
6109 
2020 
2021 
6124 
2034 
2035 
6138 
2049 
2050 
6151 
2065 
6161 
2066 
2082 
2083 
6180 
6181 
2100 
2101 
6200 
6201 
2119 
2120 
6220 
6221 
2139 
2140 
6240 
6241 
2159 
2160 
6260 
6261 
2179 
2180 
6280 
6281 
2189 
2195 
2196 
2203 
6300 
2204 
6301 
2212 
2213 
2222 
2223 
6320 
6321 
2233 
2234 
6340 
6341 
2245 
2246 
2258 
2259 
6360 
2272 
2273 
6378 
2287 
2288 
6395 
2303 
2304 
6411 
2320 
2321 
6426 
2338 
2339 
6440 
2357 
6453 
2358 
6465 
2377 
2378 
6476 
2397 
2398 
6495 
6496 
2417 
2418 
6515 
6516 
2437 
2438 
6535 
6536 
2446 
2453 
2454 
6555 
6556 
2462 
2463 
2472 
2473 
6575 
6576 
2483 
2484 
2495 
2496 
6595 
6596 
2508 
2509 
6615 
6616 
2522 
2523 
2537 
2538 
6635 
6636 
2553 
2554 
6655 
2570 
2571 
6673 
2588 
2589 
6690 
2607 
2608 
6706 
6721 
2627 
2628 
6735 
2647 
2648 
6748 
6760 
2667 
2668 
6771 
2687 
6783 
2688 
6802 
2707 
6803 
2708 
2715 
2723 
2724 
6822 
6823 
2733 
2734 
2744 
2745 
6842 
6843 
2756 
2757 
6862 
6863 
2769 
2770 
2783 
2784 
6882 
6883 
2798 
2799 
6902 
6903 
2814 
2815 
6922 
6923 
2831 
2832 
6942 
2849 
2850 
6960 
2868 
2869 
6977 
2888 
2889 
6993 
2908 
2909 
7008 
7022 
2928 
2929 
7035 
2948 
2949 
7047 
7058 
2968 
2969 
7068 
7081 
2988 
2989 
2995 
7100 
3004 
3005 
7101 
3015 
3016 
7120 
7121 
3027 
3028 
3040 
3041 
7140 
7141 
3054 
3055 
7160 
7161 
3069 
3070 
7180 
3085 
7181 
3086 
3102 
3103 
7200 
7201 
3120 
3121 
7220 
3139 
3140 
7238 
3159 
7255 
3160 
7271 
3179 
3180 
7286 
3199 
3200 
7300 
7313 
3219 
3220 
7325 
3239 
7336 
3240 
7346 
3259 
7355 
3260 
7369 
3279 
3280 
3285 
3286 
7388 
7389 
3296 
3297 
3308 
3309 
7408 
7409 
3321 
3322 
7428 
7429 
3335 
3336 
3350 
3351 
7448 
7449 
3366 
3367 
7468 
7469 
3383 
3384 
7488 
3401 
3402 
7506 
3420 
3421 
7523 
3440 
3441 
7539 
7554 
3460 
3461 
7568 
3480 
3481 
7581 
7593 
3500 
3501 
7604 
7614 
3520 
3521 
7623 
7631 
3540 
3541 
7646 
3560 
3561 
7665 
7666 
3580 
3581 
3585 
3587 
7685 
7686 
3598 
3599 
7705 
7706 
3611 
3612 
3625 
3626 
7725 
3640 
3641 
7744 
7745 
3656 
3657 
7763 
3673 
3674 
7780 
3691 
3692 
7796 
3710 
3711 
7811 
7825 
3730 
3731 
7838 
3750 
3751 
7850 
7861 
3770 
3771 
7871 
7880 
3790 
3791 
7888 
7895 
3810 
3811 
7911 
3830 
3831 
7930 
7931 
3850 
3851 
7950 
7951 
3870 
3871 
7970 
3890 
3891 
7989 
3894 
3897 
3909 
3910 
8007 
8008 
3923 
3924 
8025 
3938 
3939 
8041 
3954 
3955 
8056 
3971 
3972 
8070 
8083 
3989 
3990 
8095 
4008 
4009 
8106 
8116 
4028 
8125 
4029 
8133 
8140 
4048 
4049 
8146 
8163 
4068 
4069 
8182 
8183 
4088 
4089 
)

// ************************************************************************* //
