/*--------------------------------*- C++ -*----------------------------------*\
  =========                 |
  \\      /  F ield         | OpenFOAM: The Open Source CFD Toolbox
   \\    /   O peration     | Website:  https://openfoam.org
    \\  /    A nd           | Version:  12
     \\/     M anipulation  |
\*---------------------------------------------------------------------------*/
/*   Windows 32 and 64 bit porting by blueCAPE: http://www.bluecape.com.pt   *\
|  Based on Windows porting (2.0.x v4) by Symscape: http://www.symscape.com   |
\*---------------------------------------------------------------------------*/
FoamFile
{
    format      ascii;
    class       cellSet;
    location    "constant/polyMesh/sets";
    object      meshProtectedCells;
}
// * * * * * * * * * * * * * * * * * * * * * * * * * * * * * * * * * * * * * //


2047
(
4096 
0 
4097 
1 
4098 
2 
3 
4099 
4100 
4 
4101 
8197 
5 
4102 
6 
4103 
7 
4104 
8 
4105 
9 
4106 
4107 
11 
4108 
12 
4109 
13 
4110 
14 
8206 
4111 
15 
8207 
4112 
16 
4113 
17 
4114 
18 
4115 
19 
4116 
4117 
23 
24 
25 
26 
27 
28 
29 
8222 
30 
31 
32 
33 
34 
8229 
41 
42 
43 
8235 
44 
45 
46 
47 
48 
49 
50 
51 
8243 
52 
53 
54 
55 
8251 
8254 
8256 
66 
67 
68 
69 
70 
71 
72 
73 
74 
75 
8267 
76 
77 
78 
79 
80 
81 
82 
8275 
83 
8276 
8279 
8282 
8283 
8284 
8286 
8287 
8288 
99 
100 
101 
102 
103 
104 
105 
106 
107 
108 
109 
8301 
110 
8302 
111 
8303 
8304 
112 
113 
8305 
114 
8306 
115 
8307 
116 
8308 
117 
8309 
8310 
118 
8311 
119 
8312 
8313 
8314 
141 
142 
143 
144 
145 
146 
147 
148 
149 
150 
151 
152 
153 
154 
155 
156 
157 
158 
159 
160 
161 
162 
163 
164 
4264 
4277 
193 
194 
195 
196 
197 
198 
199 
200 
201 
202 
203 
204 
205 
4301 
206 
207 
208 
209 
210 
211 
212 
213 
214 
215 
216 
217 
218 
8420 
4327 
8432 
4339 
8440 
252 
4350 
254 
255 
8447 
256 
257 
258 
259 
260 
4356 
261 
4357 
4358 
262 
263 
4359 
264 
4360 
265 
4361 
8457 
266 
4362 
267 
4363 
268 
4364 
269 
4365 
270 
271 
4367 
272 
4368 
273 
4369 
274 
8466 
275 
276 
277 
278 
279 
280 
8474 
8475 
8488 
4396 
8494 
8499 
4405 
8506 
4412 
4414 
4415 
4416 
8512 
4417 
321 
4418 
322 
8514 
4419 
8515 
4420 
324 
325 
4421 
326 
4422 
327 
4423 
328 
4424 
329 
4425 
330 
4426 
331 
4427 
332 
4428 
4429 
8525 
333 
334 
4430 
335 
4431 
4432 
336 
4433 
337 
4434 
338 
4435 
339 
8531 
4436 
340 
4437 
341 
4438 
342 
8534 
4439 
343 
344 
4440 
345 
4441 
8537 
346 
4442 
8538 
347 
4443 
8539 
348 
4444 
349 
4445 
8541 
4446 
350 
8542 
4447 
351 
4448 
352 
8548 
8554 
8555 
8556 
8557 
8558 
8559 
8560 
8561 
8562 
8563 
8564 
388 
402 
403 
405 
406 
407 
408 
409 
410 
411 
412 
413 
414 
415 
416 
417 
418 
419 
420 
421 
422 
423 
424 
425 
426 
427 
428 
429 
430 
431 
432 
433 
434 
435 
463 
8662 
480 
8674 
8685 
495 
496 
498 
499 
4595 
500 
8692 
502 
503 
504 
505 
506 
8698 
507 
508 
509 
510 
511 
512 
4608 
513 
514 
515 
8707 
516 
517 
518 
519 
520 
521 
8713 
522 
523 
524 
4620 
525 
526 
527 
528 
529 
8722 
530 
8723 
531 
8734 
8739 
4644 
8743 
8749 
8753 
8754 
566 
567 
8759 
4670 
8767 
8770 
8773 
8774 
8775 
4681 
8777 
586 
8778 
8782 
4691 
8787 
8788 
8789 
8790 
8791 
8792 
8793 
4697 
8794 
4698 
602 
4699 
603 
4700 
4701 
605 
606 
4702 
607 
4703 
4704 
609 
4705 
610 
4706 
611 
4707 
612 
613 
4709 
614 
4710 
615 
616 
617 
618 
619 
620 
621 
622 
623 
624 
625 
626 
627 
628 
629 
630 
631 
632 
633 
634 
635 
636 
637 
638 
4735 
639 
640 
4744 
4751 
4753 
4754 
4755 
4756 
4757 
4758 
4759 
4760 
4761 
4762 
4763 
4764 
4765 
4766 
4767 
4768 
4769 
4770 
4771 
4772 
4773 
4774 
4775 
4776 
4777 
4778 
4779 
683 
4780 
684 
4781 
685 
4782 
4783 
4784 
4785 
8883 
8895 
706 
8906 
723 
724 
8916 
726 
727 
728 
730 
8922 
731 
732 
733 
734 
735 
8927 
736 
737 
738 
739 
740 
741 
742 
743 
8935 
744 
745 
746 
747 
748 
749 
8941 
750 
751 
752 
753 
754 
755 
756 
8948 
757 
8949 
758 
759 
760 
761 
762 
763 
8958 
8962 
8965 
8970 
8972 
8976 
8982 
8985 
8988 
8989 
8990 
8991 
8994 
8998 
8999 
9000 
9001 
9002 
9003 
815 
816 
817 
818 
4932 
841 
4945 
859 
860 
4957 
862 
863 
864 
866 
867 
868 
869 
870 
871 
872 
4968 
873 
874 
875 
876 
877 
878 
879 
880 
881 
882 
883 
884 
885 
886 
887 
888 
889 
890 
891 
892 
893 
894 
895 
4991 
896 
9088 
897 
898 
899 
900 
901 
9094 
9105 
5017 
9115 
5027 
9124 
9129 
5036 
9133 
5042 
5043 
5044 
9140 
5045 
5046 
5047 
5048 
5049 
5050 
9146 
5051 
5052 
5053 
9151 
5055 
9152 
963 
964 
965 
966 
967 
9159 
9162 
9164 
9168 
5075 
9171 
9175 
9176 
9180 
9181 
9182 
5087 
992 
9184 
9187 
9188 
9189 
5094 
9190 
5096 
5097 
5098 
5099 
5100 
5101 
5102 
5103 
5104 
5105 
5106 
5107 
1011 
5108 
1012 
5109 
5110 
1014 
1015 
5111 
5112 
1016 
5113 
1017 
5114 
5115 
1019 
5116 
1020 
5117 
1021 
5118 
1022 
5119 
1023 
5120 
1024 
5121 
1025 
5122 
1026 
5123 
1027 
5124 
1028 
5125 
1029 
5126 
1030 
1031 
1032 
1033 
1034 
1035 
1036 
1037 
1038 
1039 
1040 
1041 
1042 
1043 
1044 
1045 
1046 
1047 
1048 
1049 
1050 
1051 
1052 
1053 
1054 
1055 
9270 
9276 
9281 
9291 
9300 
9308 
9312 
9315 
1128 
1129 
9321 
1130 
1131 
1132 
1133 
9326 
9330 
9331 
9336 
9338 
9339 
9343 
9345 
9346 
9349 
9350 
9351 
1160 
9353 
9354 
5259 
9355 
1180 
1181 
1183 
1184 
1185 
1186 
1187 
1189 
1190 
5286 
1191 
1192 
1193 
1194 
1195 
1196 
1197 
1198 
1199 
1200 
1201 
1202 
5298 
1203 
1204 
1205 
1206 
1207 
1208 
1209 
1210 
1211 
1212 
1213 
5309 
1214 
1215 
1216 
1217 
1218 
1219 
1220 
1221 
5317 
1222 
1223 
1224 
1225 
1226 
9425 
9435 
5342 
9440 
9444 
9453 
9461 
5366 
9468 
5375 
9471 
9473 
9478 
5383 
9479 
5389 
9485 
9486 
5391 
5392 
5393 
9489 
5394 
9490 
5395 
5396 
9492 
5397 
9493 
5398 
5399 
9495 
5400 
9496 
5401 
9497 
5402 
1311 
1312 
1313 
1314 
1315 
1316 
1317 
5422 
5432 
5439 
5441 
5442 
1346 
5443 
5444 
5445 
5446 
5447 
5448 
5449 
5450 
5451 
5452 
5453 
5454 
5455 
5456 
5457 
5458 
5459 
5460 
9556 
5461 
5462 
5463 
1367 
5464 
1368 
5465 
5466 
1370 
5467 
1371 
5468 
1372 
5469 
1373 
1374 
9566 
1375 
1377 
1378 
1379 
1380 
1381 
1382 
1383 
9575 
1384 
1385 
1386 
1387 
9579 
1388 
1389 
1390 
9582 
1391 
1392 
1393 
1394 
1395 
1396 
1397 
1398 
9590 
1399 
1400 
1401 
1402 
1403 
1404 
1405 
9597 
1406 
1407 
1408 
1409 
1410 
1411 
9603 
1412 
1413 
9605 
9606 
1414 
9610 
9611 
9615 
9616 
9617 
9618 
9619 
9666 
9676 
9685 
9693 
9696 
5602 
9698 
1512 
1513 
9705 
1514 
1515 
1516 
1517 
1518 
1519 
5615 
9711 
9716 
9717 
9720 
9721 
9723 
5641 
1550 
5652 
5662 
9758 
1572 
1573 
5670 
1575 
1576 
9768 
1577 
1578 
1579 
1580 
1581 
1583 
1584 
1585 
9777 
1586 
1587 
1588 
1589 
1590 
1591 
1592 
9785 
1593 
1594 
5690 
1595 
1596 
1597 
1598 
1599 
1600 
9792 
1601 
1602 
9794 
1603 
9795 
1604 
1605 
1606 
1607 
1608 
1609 
9801 
1610 
1611 
1612 
1613 
1614 
9806 
1615 
1616 
1617 
1618 
9810 
1619 
5715 
9812 
9813 
5724 
5732 
5737 
5738 
5740 
9836 
5741 
5742 
5743 
5744 
5745 
5746 
5747 
5748 
5749 
9846 
5750 
9855 
9863 
5769 
9870 
5777 
9876 
9877 
5784 
5786 
9882 
5787 
5788 
5789 
9886 
5790 
5791 
5792 
5793 
9889 
5794 
9890 
5795 
5796 
5797 
5798 
5799 
5800 
5801 
5802 
5803 
5804 
5805 
9901 
5806 
5807 
5808 
5809 
5810 
5811 
5812 
9911 
9920 
1730 
1732 
1733 
1734 
1735 
1736 
9928 
1737 
1738 
1739 
9935 
9941 
9946 
9950 
9953 
9955 
1772 
9965 
9974 
9982 
1794 
1795 
9989 
1797 
1798 
1799 
1800 
1801 
1802 
1803 
9995 
9996 
1804 
1806 
1807 
1808 
1809 
1810 
1811 
1812 
10004 
1813 
1814 
10007 
1815 
1816 
1817 
10009 
1818 
10010 
1819 
1820 
1821 
1822 
1823 
1824 
1825 
1826 
1827 
10019 
1828 
1829 
1830 
1831 
1832 
1833 
1834 
1835 
10027 
1836 
1837 
1838 
1839 
1840 
1841 
10034 
10040 
5945 
10045 
10046 
10052 
5958 
10054 
10055 
10063 
5970 
10070 
10076 
10081 
10085 
10086 
5994 
10090 
10091 
10098 
6004 
10104 
6013 
10109 
10113 
10116 
6021 
10117 
10119 
10125 
10130 
10134 
6040 
10137 
10139 
10140 
10145 
10149 
10152 
10154 
10155 
1967 
6063 
10159 
1968 
1970 
10162 
1971 
1972 
10164 
1973 
10165 
1974 
1975 
6071 
1976 
10168 
1977 
10170 
10171 
10173 
6078 
10174 
10175 
6083 
6084 
6085 
6087 
6088 
6089 
6090 
6091 
6092 
6093 
6094 
6095 
6096 
2011 
6114 
6120 
6127 
6129 
2033 
6130 
2034 
6131 
6132 
2036 
2037 
6133 
2038 
6134 
2039 
6135 
2040 
6136 
2041 
6137 
2042 
6138 
6139 
2043 
6140 
2044 
6141 
6142 
2046 
6143 
2047 
6144 
2048 
6145 
2049 
6146 
2050 
6147 
2051 
6148 
2052 
6149 
2053 
6150 
2054 
6151 
2055 
6152 
2056 
6153 
2057 
6154 
2058 
2059 
2060 
2061 
2062 
2063 
2064 
2065 
2066 
2067 
2068 
2069 
2070 
2071 
2072 
2073 
2074 
2075 
2076 
2077 
2078 
2079 
2080 
6286 
6299 
6311 
2222 
2223 
2224 
2226 
6322 
2227 
2228 
2229 
2230 
2231 
2232 
2233 
6344 
6353 
6362 
2267 
6370 
2289 
6386 
2290 
2292 
2293 
2294 
2295 
2296 
2297 
2298 
2299 
2300 
2301 
2302 
2303 
2304 
2305 
2306 
2307 
2308 
2309 
2310 
2311 
2312 
6408 
2313 
2314 
2315 
2316 
2317 
2318 
2319 
6415 
2320 
2321 
2322 
2323 
2324 
2325 
6421 
2326 
2327 
2328 
2329 
2330 
6426 
2331 
6427 
2332 
6428 
2333 
6429 
2334 
6431 
6432 
6433 
6434 
6435 
6436 
6437 
6438 
6439 
6455 
6461 
6468 
6470 
6471 
6472 
6473 
6474 
6475 
6476 
6477 
6478 
6479 
6480 
6481 
6482 
6483 
6484 
6485 
6486 
6487 
6488 
6489 
6490 
6491 
6492 
6493 
2492 
2493 
2494 
2495 
2497 
2498 
2499 
2500 
2501 
2502 
2503 
2504 
6623 
2537 
2538 
6636 
6648 
2553 
2560 
2562 
2563 
6659 
2564 
2565 
2566 
2567 
2568 
2569 
2570 
2571 
2572 
2573 
6669 
2574 
2575 
2576 
2577 
2578 
2579 
2580 
2581 
2582 
2583 
2584 
2585 
2586 
2587 
2588 
2589 
2590 
2591 
2592 
2593 
6689 
2594 
2595 
2596 
2597 
2598 
2599 
2600 
2601 
2602 
6698 
6706 
6713 
6729 
6748 
6754 
6759 
6764 
6765 
6766 
6767 
6769 
6770 
6771 
6772 
6773 
6774 
6775 
6776 
6791 
6795 
6802 
6804 
6805 
6806 
6807 
6808 
6809 
6810 
6811 
6812 
6813 
6814 
6815 
6816 
6817 
6818 
6819 
6820 
6821 
6822 
6823 
6824 
6825 
2770 
2776 
2777 
2778 
2779 
2780 
2782 
2783 
2784 
2785 
2786 
2787 
2788 
2789 
2821 
2835 
2842 
2844 
2845 
2846 
2847 
2848 
2849 
2850 
2851 
2852 
2853 
2854 
2855 
2856 
6952 
2857 
2858 
2859 
2860 
2861 
2862 
2863 
2864 
2865 
2866 
2867 
2868 
2869 
6965 
2870 
2871 
2872 
2873 
2874 
2875 
2876 
2877 
2878 
2879 
2880 
2881 
6977 
2882 
2883 
6988 
6998 
7007 
7019 
7035 
7042 
7048 
7063 
7079 
7084 
7088 
7093 
7094 
7095 
7096 
7098 
7099 
7100 
7101 
7102 
7103 
7104 
7118 
7120 
7127 
7129 
7130 
7131 
7132 
7133 
7134 
7135 
7136 
7137 
7138 
7139 
7140 
7141 
7142 
7143 
7144 
7145 
7146 
7147 
3051 
7148 
3066 
3072 
3073 
3074 
3075 
3076 
3077 
3079 
3080 
3081 
3082 
3083 
3084 
3085 
3116 
3129 
3136 
3138 
3139 
3140 
3141 
3142 
3143 
3144 
3145 
3146 
3147 
3148 
3149 
3150 
3151 
3152 
3153 
3154 
3155 
3156 
3157 
3158 
3159 
3160 
3161 
3162 
3163 
3164 
3165 
3166 
3167 
3168 
3169 
3170 
3171 
3172 
3173 
3174 
3175 
7271 
3176 
7284 
7296 
7300 
7317 
7326 
7335 
7346 
7360 
7366 
7371 
7385 
7399 
7403 
7406 
7410 
7412 
7413 
7414 
7416 
7417 
7418 
7419 
7420 
7421 
7432 
7434 
3344 
7441 
7443 
7444 
7445 
7446 
7447 
7448 
7449 
7450 
7451 
7452 
7453 
7454 
7455 
3359 
7456 
7457 
7458 
7459 
7460 
3373 
3379 
3380 
3381 
3382 
3383 
3384 
3385 
3387 
3388 
3389 
3390 
3391 
3392 
3422 
3434 
3441 
3443 
3444 
3445 
3446 
3447 
3448 
3449 
3450 
3451 
3452 
3453 
3454 
3455 
3456 
3457 
3458 
3459 
3460 
3461 
3462 
3463 
3464 
3465 
3466 
3467 
3468 
3469 
3470 
3471 
3472 
3473 
3474 
3475 
3476 
3477 
3478 
3479 
3480 
7578 
7591 
7603 
7614 
7618 
7633 
7642 
7650 
7660 
7672 
7677 
7681 
7694 
7706 
7709 
7711 
7715 
7717 
7718 
7719 
7721 
7722 
7723 
7724 
7725 
7735 
3645 
7742 
7744 
7745 
7746 
7747 
7748 
7749 
7750 
7751 
7752 
7753 
7754 
7755 
7756 
7757 
7758 
7759 
3663 
7760 
3677 
3690 
3696 
3697 
3698 
3699 
3700 
3701 
3702 
3703 
3705 
3706 
3707 
3708 
3709 
3736 
3749 
3756 
3758 
3759 
3760 
3761 
3762 
3763 
3764 
3765 
3766 
3767 
3768 
3769 
3770 
3771 
3772 
3773 
3774 
3775 
3776 
3777 
3778 
3779 
3780 
7876 
3781 
3782 
3783 
3784 
3785 
3786 
3787 
3788 
3789 
7885 
3790 
3791 
3792 
3793 
3794 
7897 
7908 
7918 
7922 
7936 
7944 
7951 
7960 
7970 
7974 
7977 
7989 
7999 
8001 
8002 
8005 
8008 
8009 
8010 
8012 
8013 
8014 
8015 
8030 
8032 
8033 
8034 
8035 
8036 
3941 
8037 
8038 
8039 
8040 
8041 
8042 
8043 
8044 
8045 
8046 
3973 
3991 
4004 
4016 
4022 
4023 
4024 
4025 
4026 
4027 
4028 
4029 
4030 
4032 
4033 
4034 
4035 
4062 
8159 
8168 
4073 
4080 
8176 
4082 
4083 
4084 
4085 
4086 
4087 
4088 
4089 
4090 
8187 
4091 
4092 
4093 
4094 
4095 
)

// ************************************************************************* //
