/*--------------------------------*- C++ -*----------------------------------*\
  =========                 |
  \\      /  F ield         | OpenFOAM: The Open Source CFD Toolbox
   \\    /   O peration     | Website:  https://openfoam.org
    \\  /    A nd           | Version:  12
     \\/     M anipulation  |
\*---------------------------------------------------------------------------*/
/*   Windows 32 and 64 bit porting by blueCAPE: http://www.bluecape.com.pt   *\
|  Based on Windows porting (2.0.x v4) by Symscape: http://www.symscape.com   |
\*---------------------------------------------------------------------------*/
FoamFile
{
    format      ascii;
    class       cellSet;
    location    "constant/polyMesh/sets";
    object      meshProtectedCells;
}
// * * * * * * * * * * * * * * * * * * * * * * * * * * * * * * * * * * * * * //


13061
(
32768 
32769 
1 
32770 
2 
32771 
3 
32772 
4 
32773 
5 
32774 
6 
32775 
7 
32776 
8 
32777 
9 
32778 
10 
32779 
11 
32780 
12 
32781 
13 
32782 
14 
32783 
15 
32784 
16 
32785 
17 
32786 
18 
32787 
19 
32788 
20 
32789 
21 
32790 
22 
32791 
23 
32792 
24 
32793 
25 
32794 
26 
32795 
27 
32796 
28 
32797 
29 
32798 
30 
32799 
31 
32800 
32 
32801 
33 
32802 
34 
32803 
35 
32804 
36 
32805 
37 
32806 
38 
32807 
39 
32808 
40 
32809 
41 
32810 
42 
32811 
43 
32812 
44 
32813 
45 
32814 
46 
32815 
47 
32816 
48 
32817 
49 
32818 
50 
32819 
51 
32820 
52 
32821 
53 
32822 
54 
32823 
55 
32824 
56 
32825 
57 
32826 
58 
32827 
59 
32828 
60 
32829 
61 
32830 
62 
32831 
63 
32832 
64 
32833 
65 
32834 
66 
32835 
67 
32836 
68 
32837 
69 
32838 
70 
32839 
71 
32840 
72 
32841 
73 
32842 
74 
32843 
75 
32844 
76 
32845 
77 
32846 
78 
32847 
79 
32848 
80 
32849 
81 
32850 
82 
32851 
83 
32852 
84 
32853 
85 
32854 
86 
32855 
87 
32856 
88 
32857 
89 
32858 
90 
32859 
91 
32860 
92 
32861 
93 
32862 
94 
32863 
95 
32864 
96 
32865 
97 
32866 
98 
32867 
99 
32868 
100 
32869 
101 
32870 
102 
32871 
103 
32872 
104 
32873 
105 
32874 
106 
32875 
107 
32876 
108 
32877 
109 
32878 
110 
32879 
111 
32880 
112 
32881 
113 
32882 
114 
32883 
115 
32884 
116 
32885 
117 
32886 
118 
32887 
119 
32888 
120 
32889 
121 
32890 
122 
32891 
123 
32892 
124 
32893 
125 
32894 
126 
32895 
127 
32896 
128 
32897 
129 
32898 
130 
32899 
131 
32900 
132 
32901 
133 
32902 
134 
32903 
135 
32904 
136 
32905 
137 
32906 
138 
32907 
139 
32908 
140 
32909 
141 
32910 
142 
32911 
143 
32912 
144 
32913 
145 
32914 
146 
32915 
147 
32916 
148 
32917 
149 
32918 
150 
32919 
151 
32920 
152 
32921 
153 
32922 
154 
32923 
155 
32924 
156 
32925 
157 
32926 
158 
32927 
159 
32928 
160 
32929 
161 
32930 
162 
32931 
163 
32932 
164 
32933 
165 
32934 
166 
32935 
167 
32936 
168 
32937 
169 
32938 
170 
32939 
171 
32940 
172 
32941 
173 
32942 
174 
32943 
175 
32944 
176 
32945 
177 
32946 
178 
32947 
179 
32948 
180 
32949 
181 
32950 
182 
32951 
183 
32952 
184 
32953 
185 
32954 
186 
32955 
187 
32956 
188 
32957 
189 
32958 
190 
32959 
191 
32960 
192 
32961 
193 
32962 
194 
32963 
195 
32964 
196 
32965 
197 
32966 
198 
32967 
199 
32968 
200 
32969 
201 
32970 
202 
32971 
203 
32972 
204 
32973 
205 
32974 
206 
32975 
207 
32976 
208 
32977 
209 
32978 
210 
32979 
211 
32980 
212 
32981 
213 
32982 
214 
32983 
215 
32984 
216 
32985 
217 
32986 
218 
32987 
219 
32988 
220 
32989 
221 
32990 
222 
32991 
223 
32992 
224 
32993 
225 
32994 
226 
32995 
227 
32996 
228 
32997 
229 
32998 
230 
32999 
231 
33000 
232 
33001 
233 
33002 
234 
33003 
235 
33004 
236 
33005 
237 
33006 
238 
33007 
239 
33008 
240 
33009 
241 
33010 
242 
33011 
243 
33012 
244 
33013 
245 
33014 
246 
33015 
247 
33016 
248 
33017 
249 
33018 
250 
33019 
251 
33020 
252 
33021 
253 
33022 
254 
33023 
255 
33024 
256 
33025 
257 
33026 
258 
33027 
259 
33028 
260 
33029 
261 
33030 
262 
33031 
263 
33032 
264 
33033 
265 
33034 
266 
33035 
267 
33036 
268 
33037 
269 
33038 
270 
33039 
271 
33040 
272 
33041 
273 
33042 
274 
33043 
275 
33044 
276 
33045 
277 
33046 
278 
33047 
279 
33048 
280 
33049 
281 
33050 
282 
33051 
283 
33052 
284 
33053 
285 
33054 
286 
33055 
287 
33056 
288 
33057 
289 
33058 
290 
33059 
291 
33060 
292 
33061 
293 
33062 
294 
33063 
295 
33064 
296 
33065 
297 
33066 
298 
33067 
299 
33068 
300 
33069 
301 
33070 
302 
33071 
303 
33072 
304 
33073 
305 
33074 
306 
33075 
307 
33076 
308 
33077 
309 
33078 
310 
33079 
311 
33080 
312 
33081 
313 
33082 
314 
33083 
315 
33084 
316 
33085 
317 
33086 
318 
33087 
319 
33088 
320 
33089 
321 
33090 
322 
33091 
323 
33092 
324 
33093 
325 
33094 
326 
33095 
327 
33096 
328 
33097 
329 
33098 
330 
33099 
331 
33100 
332 
33101 
333 
33102 
334 
33103 
335 
33104 
336 
33105 
337 
33106 
338 
33107 
339 
33108 
340 
33109 
341 
33110 
342 
33111 
343 
33112 
344 
33113 
345 
33114 
346 
33115 
347 
33116 
348 
33117 
349 
33118 
350 
33119 
351 
33120 
352 
33121 
353 
33122 
354 
33123 
355 
33124 
356 
33125 
357 
33126 
358 
33127 
359 
33128 
360 
33129 
361 
33130 
362 
33131 
363 
33132 
364 
33133 
365 
33134 
366 
33135 
367 
33136 
368 
33137 
369 
33138 
370 
33139 
371 
33140 
372 
33141 
373 
33142 
374 
33143 
375 
33144 
376 
33145 
377 
33146 
378 
33147 
379 
33148 
380 
33149 
381 
33150 
382 
33151 
383 
33152 
384 
33153 
385 
33154 
386 
33155 
387 
33156 
388 
33157 
389 
33158 
390 
33159 
391 
33160 
392 
33161 
393 
33162 
394 
33163 
395 
33164 
396 
33165 
397 
33166 
398 
33167 
399 
33168 
400 
33169 
401 
33170 
402 
33171 
403 
33172 
404 
33173 
405 
33174 
406 
33175 
407 
33176 
408 
33177 
409 
33178 
410 
33179 
411 
33180 
412 
33181 
413 
33182 
414 
33183 
415 
33184 
416 
33185 
417 
33186 
418 
33187 
419 
33188 
420 
33189 
421 
33190 
422 
33191 
423 
33192 
424 
33193 
425 
33194 
426 
33195 
427 
33196 
428 
33197 
429 
33198 
430 
33199 
431 
33200 
432 
33201 
433 
33202 
434 
33203 
435 
33204 
436 
33205 
437 
33206 
438 
33207 
439 
33208 
440 
33209 
441 
33210 
442 
33211 
443 
33212 
444 
33213 
445 
33214 
446 
33215 
447 
33216 
448 
33217 
449 
33218 
450 
33219 
451 
33220 
452 
33221 
453 
33222 
454 
33223 
455 
33224 
456 
33225 
457 
33226 
458 
33227 
459 
33228 
460 
33229 
461 
33230 
462 
33231 
463 
33232 
464 
33233 
465 
33234 
466 
33235 
467 
33236 
468 
33237 
469 
33238 
470 
33239 
471 
33240 
472 
33241 
473 
33242 
474 
33243 
475 
33244 
476 
33245 
477 
33246 
478 
33247 
479 
33248 
480 
33249 
481 
33250 
482 
33251 
483 
33252 
484 
33253 
485 
33254 
486 
33255 
487 
33256 
488 
33257 
489 
33258 
490 
33259 
491 
33260 
492 
33261 
493 
33262 
494 
33263 
495 
33264 
496 
33265 
497 
33266 
498 
33267 
499 
33268 
500 
33269 
501 
33270 
502 
33271 
503 
33272 
504 
33273 
505 
33274 
506 
33275 
507 
33276 
508 
33277 
509 
33278 
510 
33279 
511 
33280 
512 
33281 
513 
33282 
514 
33283 
515 
33284 
516 
33285 
517 
33286 
518 
33287 
519 
33288 
520 
33289 
521 
33290 
522 
33291 
523 
33292 
524 
33293 
525 
33294 
526 
33295 
527 
33296 
528 
33297 
529 
33298 
530 
33299 
531 
33300 
532 
33301 
533 
33302 
534 
33303 
535 
33304 
536 
33305 
537 
33306 
538 
33307 
539 
33308 
540 
33309 
541 
33310 
542 
33311 
543 
33312 
544 
33313 
545 
33314 
546 
33315 
547 
33316 
548 
33317 
549 
33318 
550 
33319 
551 
33320 
552 
33321 
553 
33322 
554 
33323 
555 
33324 
556 
33325 
557 
33326 
558 
33327 
559 
33328 
560 
33329 
561 
33330 
562 
33331 
563 
33332 
564 
33333 
565 
33334 
566 
33335 
567 
33336 
568 
33337 
569 
33338 
570 
33339 
571 
33340 
572 
33341 
573 
33342 
574 
33343 
575 
33344 
576 
33345 
577 
33346 
578 
33347 
579 
33348 
580 
33349 
581 
33350 
582 
33351 
583 
33352 
584 
33353 
585 
33354 
586 
33355 
587 
33356 
588 
33357 
589 
33358 
590 
33359 
591 
33360 
592 
33361 
593 
33362 
594 
33363 
595 
33364 
596 
33365 
597 
33366 
598 
33367 
599 
33368 
600 
33369 
601 
33370 
602 
33371 
603 
33372 
604 
33373 
605 
33374 
606 
33375 
607 
33376 
608 
33377 
609 
33378 
610 
33379 
611 
33380 
612 
33381 
613 
33382 
614 
33383 
615 
33384 
616 
33385 
617 
33386 
618 
33387 
619 
33388 
620 
33389 
621 
33390 
622 
33391 
623 
33392 
624 
33393 
625 
33394 
626 
33395 
627 
33396 
628 
33397 
629 
33398 
630 
33399 
631 
33400 
632 
33401 
633 
33402 
634 
33403 
635 
33404 
636 
33405 
637 
33406 
638 
33407 
639 
33408 
640 
33409 
641 
33410 
642 
33411 
643 
33412 
644 
33413 
645 
33414 
646 
33415 
647 
33416 
648 
33417 
649 
33418 
650 
33419 
651 
33420 
652 
33421 
653 
33422 
654 
33423 
655 
33424 
656 
33425 
657 
33426 
658 
33427 
659 
33428 
660 
33429 
661 
33430 
662 
33431 
663 
33432 
664 
33433 
665 
33434 
666 
33435 
667 
33436 
668 
33437 
669 
33438 
670 
33439 
671 
33440 
672 
33441 
673 
33442 
674 
33443 
675 
33444 
676 
33445 
677 
33446 
678 
33447 
679 
33448 
680 
33449 
681 
33450 
682 
33451 
683 
33452 
684 
33453 
685 
33454 
686 
33455 
687 
33456 
688 
33457 
689 
33458 
690 
33459 
691 
33460 
692 
33461 
693 
33462 
694 
33463 
695 
33464 
696 
33465 
697 
33466 
698 
33467 
699 
33468 
700 
33469 
701 
33470 
702 
33471 
703 
33472 
704 
33473 
705 
33474 
706 
33475 
707 
33476 
708 
33477 
709 
33478 
710 
33479 
711 
33480 
712 
33481 
713 
33482 
714 
33483 
715 
33484 
716 
33485 
717 
33486 
718 
33487 
719 
33488 
720 
33489 
721 
33490 
722 
33491 
723 
33492 
724 
33493 
725 
33494 
726 
33495 
727 
33496 
728 
33497 
729 
33498 
730 
33499 
731 
33500 
732 
33501 
733 
33502 
734 
33503 
735 
33504 
736 
33505 
737 
33506 
738 
33507 
739 
33508 
740 
33509 
741 
33510 
742 
33511 
743 
33512 
744 
33513 
745 
33514 
746 
33515 
747 
33516 
748 
33517 
749 
33518 
750 
33519 
751 
33520 
752 
33521 
753 
33522 
754 
33523 
755 
33524 
756 
33525 
757 
33526 
758 
33527 
759 
33528 
760 
33529 
761 
33530 
762 
33531 
763 
33532 
764 
33533 
765 
33534 
766 
33535 
767 
33536 
768 
33537 
769 
33538 
770 
33539 
771 
33540 
772 
33541 
773 
33542 
774 
33543 
775 
33544 
776 
33545 
777 
33546 
778 
33547 
779 
33548 
780 
33549 
781 
33550 
782 
33551 
783 
33552 
784 
33553 
785 
33554 
786 
33555 
787 
33556 
788 
33557 
789 
33558 
790 
33559 
791 
33560 
792 
33561 
793 
33562 
794 
33563 
795 
33564 
796 
33565 
797 
33566 
798 
33567 
799 
33568 
800 
33569 
801 
33570 
802 
33571 
803 
33572 
804 
33573 
805 
33574 
806 
33575 
807 
33576 
808 
33577 
809 
33578 
810 
33579 
811 
33580 
812 
33581 
813 
33582 
814 
33583 
815 
33584 
816 
33585 
817 
33586 
818 
33587 
819 
33588 
820 
33589 
821 
33590 
822 
33591 
823 
33592 
824 
33593 
825 
33594 
826 
33595 
827 
33596 
828 
33597 
829 
33598 
830 
33599 
831 
33600 
832 
33601 
833 
33602 
834 
33603 
835 
33604 
836 
33605 
837 
33606 
838 
33607 
839 
33608 
840 
33609 
841 
33610 
842 
33611 
843 
33612 
844 
33613 
845 
33614 
846 
33615 
847 
33616 
848 
33617 
849 
33618 
850 
33619 
851 
33620 
852 
33621 
853 
33622 
854 
33623 
855 
33624 
856 
33625 
857 
33626 
858 
33627 
859 
33628 
860 
33629 
861 
33630 
862 
33631 
863 
33632 
864 
33633 
865 
33634 
866 
33635 
867 
33636 
868 
33637 
869 
33638 
870 
33639 
871 
33640 
872 
33641 
873 
33642 
874 
33643 
875 
33644 
876 
33645 
877 
33646 
878 
33647 
879 
33648 
880 
33649 
881 
33650 
882 
33651 
883 
33652 
884 
33653 
885 
33654 
886 
33655 
887 
33656 
888 
33657 
889 
33658 
890 
33659 
891 
33660 
892 
33661 
893 
33662 
894 
33663 
895 
33664 
896 
33665 
897 
33666 
898 
33667 
899 
33668 
900 
33669 
901 
33670 
902 
33671 
903 
33672 
904 
33673 
905 
33674 
906 
33675 
907 
33676 
908 
33677 
909 
33678 
910 
33679 
911 
33680 
912 
33681 
913 
33682 
914 
33683 
915 
33684 
916 
33685 
917 
33686 
918 
33687 
919 
33688 
920 
33689 
921 
33690 
922 
33691 
923 
33692 
924 
33693 
925 
33694 
926 
33695 
927 
33696 
928 
33697 
929 
33698 
930 
33699 
931 
33700 
932 
33701 
933 
33702 
934 
33703 
935 
33704 
936 
33705 
937 
33706 
938 
33707 
939 
33708 
940 
33709 
941 
33710 
942 
33711 
943 
33712 
944 
33713 
945 
33714 
946 
33715 
947 
33716 
948 
33717 
949 
33718 
950 
33719 
951 
33720 
952 
33721 
953 
33722 
954 
33723 
955 
33724 
956 
33725 
957 
33726 
958 
33727 
959 
33728 
960 
33729 
961 
33730 
962 
33731 
963 
33732 
964 
33733 
965 
33734 
966 
33735 
967 
33736 
968 
33737 
969 
33738 
970 
33739 
971 
33740 
972 
33741 
973 
33742 
974 
33743 
975 
33744 
976 
33745 
977 
33746 
978 
33747 
979 
33748 
980 
33749 
981 
33750 
982 
33751 
983 
33752 
984 
33753 
985 
33754 
986 
33755 
987 
33756 
988 
33757 
989 
33758 
990 
33759 
991 
33760 
992 
33761 
993 
33762 
994 
33763 
995 
33764 
996 
33765 
997 
33766 
998 
33767 
999 
33768 
1000 
33769 
1001 
33770 
1002 
33771 
1003 
33772 
1004 
33773 
1005 
33774 
1006 
33775 
1007 
33776 
1008 
33777 
1009 
33778 
1010 
33779 
1011 
33780 
1012 
33781 
1013 
33782 
1014 
33783 
1015 
33784 
1016 
33785 
1017 
33786 
1018 
33787 
1019 
33788 
1020 
33789 
1021 
33790 
1022 
33791 
1023 
33792 
1024 
33793 
1025 
33794 
1026 
33795 
1027 
33796 
1028 
33797 
1029 
33798 
1030 
33799 
1031 
33800 
1032 
33801 
1033 
33802 
1034 
33803 
1035 
33804 
1036 
33805 
1037 
33806 
1038 
33807 
1039 
33808 
1040 
33809 
1041 
33810 
1042 
33811 
1043 
33812 
1044 
33813 
1045 
33814 
1046 
33815 
1047 
33816 
1048 
33817 
1049 
33818 
1050 
33819 
1051 
33820 
1052 
33821 
1053 
33822 
1054 
33823 
1055 
33824 
1056 
33825 
1057 
33826 
1058 
33827 
1059 
33828 
1060 
33829 
1061 
33830 
1062 
33831 
1063 
33832 
1064 
33833 
1065 
33834 
1066 
33835 
1067 
33836 
1068 
33837 
1069 
33838 
1070 
33839 
1071 
33840 
1072 
33841 
1073 
33842 
1074 
33843 
1075 
33844 
1076 
33845 
1077 
33846 
1078 
33847 
1079 
33848 
1080 
33849 
1081 
33850 
1082 
33851 
1083 
33852 
1084 
33853 
1085 
33854 
1086 
33855 
1087 
33856 
1088 
33857 
1089 
33858 
1090 
33859 
1091 
33860 
1092 
33861 
1093 
33862 
1094 
33863 
1095 
33864 
1096 
33865 
1097 
33866 
1098 
33867 
1099 
33868 
1100 
33869 
1101 
33870 
1102 
33871 
1103 
33872 
1104 
33873 
1105 
33874 
1106 
33875 
1107 
33876 
1108 
33877 
1109 
33878 
1110 
33879 
1111 
33880 
1112 
33881 
1113 
33882 
1114 
33883 
1115 
33884 
1116 
33885 
1117 
33886 
1118 
33887 
1119 
33888 
1120 
33889 
1121 
33890 
1122 
33891 
1123 
33892 
1124 
33893 
1125 
33894 
1126 
33895 
1127 
33896 
1128 
33897 
1129 
33898 
1130 
33899 
1131 
33900 
1132 
33901 
1133 
33902 
1134 
33903 
1135 
33904 
1136 
33905 
1137 
33906 
1138 
33907 
1139 
33908 
1140 
33909 
1141 
33910 
1142 
33911 
1143 
33912 
1144 
33913 
1145 
33914 
1146 
33915 
1147 
33916 
1148 
33917 
1149 
33918 
1150 
33919 
1151 
33920 
1152 
33921 
1153 
33922 
1154 
33923 
1155 
33924 
1156 
33925 
1157 
33926 
1158 
33927 
1159 
33928 
1160 
33929 
1161 
33930 
1162 
33931 
1163 
33932 
1164 
33933 
1165 
33934 
1166 
33935 
1167 
33936 
1168 
33937 
1169 
33938 
1170 
33939 
1171 
33940 
1172 
33941 
1173 
33942 
1174 
33943 
1175 
33944 
1176 
33945 
1177 
33946 
1178 
33947 
1179 
33948 
1180 
33949 
1181 
33950 
1182 
33951 
1183 
33952 
1184 
33953 
1185 
33954 
1186 
33955 
1187 
33956 
1188 
33957 
1189 
33958 
1190 
33959 
1191 
33960 
1192 
33961 
1193 
33962 
1194 
33963 
1195 
33964 
1196 
33965 
1197 
33966 
1198 
33967 
1199 
33968 
1200 
33969 
1201 
33970 
1202 
33971 
1203 
33972 
1204 
33973 
1205 
33974 
1206 
33975 
1207 
33976 
1208 
33977 
1209 
33978 
1210 
33979 
1211 
33980 
1212 
33981 
1213 
33982 
1214 
33983 
1215 
33984 
1216 
33985 
1217 
33986 
1218 
33987 
1219 
33988 
1220 
33989 
1221 
33990 
1222 
33991 
1223 
33992 
1224 
33993 
1225 
33994 
1226 
33995 
1227 
33996 
1228 
33997 
1229 
33998 
1230 
33999 
1231 
34000 
1232 
34001 
1233 
34002 
1234 
34003 
1235 
34004 
1236 
34005 
1237 
34006 
1238 
34007 
1239 
34008 
1240 
34009 
1241 
34010 
1242 
34011 
1243 
34012 
1244 
34013 
1245 
34014 
1246 
34015 
1247 
34016 
1248 
34017 
1249 
34018 
1250 
34019 
1251 
34020 
1252 
34021 
1253 
34022 
1254 
34023 
1255 
34024 
1256 
34025 
1257 
34026 
1258 
34027 
1259 
34028 
1260 
34029 
1261 
34030 
1262 
34031 
1263 
34032 
1264 
34033 
1265 
34034 
1266 
34035 
1267 
34036 
1268 
34037 
1269 
34038 
1270 
34039 
1271 
34040 
1272 
34041 
1273 
34042 
1274 
34043 
1275 
34044 
1276 
34045 
1277 
34046 
1278 
34047 
1279 
34048 
1280 
34049 
1281 
34050 
1282 
34051 
1283 
34052 
1284 
34053 
1285 
34054 
1286 
34055 
1287 
34056 
1288 
34057 
1289 
34058 
1290 
34059 
1291 
34060 
1292 
34061 
1293 
34062 
1294 
34063 
1295 
34064 
1296 
34065 
1297 
34066 
1298 
34067 
1299 
34068 
1300 
34069 
1301 
34070 
1302 
34071 
1303 
34072 
1304 
34073 
1305 
34074 
1306 
34075 
1307 
34076 
1308 
34077 
1309 
34078 
1310 
34079 
1311 
34080 
1312 
34081 
1313 
34082 
1314 
34083 
1315 
34084 
1316 
34085 
1317 
34086 
1318 
34087 
1319 
34088 
1320 
34089 
1321 
34090 
1322 
34091 
1323 
34092 
1324 
34093 
1325 
34094 
1326 
34095 
1327 
34096 
1328 
34097 
1329 
34098 
1330 
34099 
1331 
34100 
1332 
34101 
1333 
34102 
1334 
34103 
1335 
34104 
1336 
34105 
1337 
34106 
1338 
34107 
1339 
34108 
1340 
34109 
1341 
34110 
1342 
34111 
1343 
34112 
1344 
34113 
1345 
34114 
1346 
34115 
1347 
34116 
1348 
34117 
1349 
34118 
1350 
34119 
1351 
34120 
1352 
34121 
1353 
34122 
1354 
34123 
1355 
34124 
1356 
34125 
1357 
34126 
1358 
34127 
1359 
34128 
1360 
34129 
1361 
34130 
1362 
34131 
1363 
34132 
1364 
34133 
1365 
34134 
1366 
34135 
1367 
34136 
1368 
34137 
1369 
34138 
1370 
34139 
1371 
34140 
1372 
34141 
1373 
34142 
1374 
34143 
1375 
34144 
1376 
34145 
1377 
34146 
1378 
34147 
1379 
34148 
1380 
34149 
1381 
34150 
1382 
34151 
1383 
34152 
1384 
34153 
1385 
34154 
1386 
34155 
1387 
34156 
1388 
34157 
1389 
34158 
1390 
34159 
1391 
34160 
1392 
34161 
1393 
34162 
1394 
34163 
1395 
34164 
1396 
34165 
1397 
34166 
1398 
34167 
1399 
34168 
1400 
34169 
1401 
34170 
1402 
34171 
1403 
34172 
1404 
34173 
1405 
34174 
1406 
34175 
1407 
34176 
1408 
34177 
1409 
34178 
1410 
34179 
1411 
34180 
1412 
34181 
1413 
34182 
1414 
34183 
1415 
34184 
1416 
34185 
1417 
34186 
1418 
34187 
1419 
34188 
1420 
34189 
1421 
34190 
1422 
34191 
1423 
34192 
1424 
34193 
1425 
34194 
1426 
34195 
1427 
34196 
1428 
34197 
1429 
34198 
1430 
34199 
1431 
34200 
1432 
34201 
1433 
34202 
1434 
34203 
1435 
34204 
1436 
34205 
1437 
34206 
1438 
34207 
1439 
34208 
1440 
34209 
1441 
34210 
1442 
34211 
1443 
34212 
1444 
34213 
1445 
34214 
1446 
34215 
1447 
34216 
1448 
34217 
1449 
34218 
1450 
34219 
1451 
34220 
1452 
34221 
1453 
34222 
1454 
34223 
1455 
34224 
1456 
34225 
1457 
34226 
1458 
34227 
1459 
34228 
1460 
34229 
1461 
34230 
1462 
34231 
1463 
34232 
1464 
34233 
1465 
34234 
1466 
34235 
1467 
34236 
1468 
34237 
1469 
34238 
1470 
34239 
1471 
34240 
1472 
34241 
1473 
34242 
1474 
34243 
1475 
34244 
1476 
34245 
1477 
34246 
1478 
34247 
1479 
34248 
1480 
34249 
1481 
34250 
1482 
34251 
1483 
34252 
1484 
34253 
1485 
34254 
1486 
34255 
1487 
34256 
1488 
34257 
1489 
34258 
1490 
34259 
1491 
34260 
1492 
34261 
1493 
34262 
1494 
34263 
1495 
34264 
1496 
34265 
1497 
34266 
1498 
34267 
1499 
34268 
1500 
34269 
1501 
34270 
1502 
34271 
1503 
34272 
1504 
34273 
1505 
34274 
1506 
34275 
1507 
34276 
1508 
34277 
1509 
34278 
1510 
34279 
1511 
34280 
1512 
34281 
1513 
34282 
1514 
34283 
1515 
34284 
1516 
34285 
1517 
34286 
1518 
34287 
1519 
34288 
1520 
34289 
1521 
34290 
1522 
34291 
1523 
34292 
1524 
34293 
1525 
34294 
1526 
34295 
1527 
34296 
1528 
34297 
1529 
34298 
1530 
34299 
1531 
34300 
1532 
34301 
1533 
34302 
1534 
34303 
1535 
34304 
1536 
34305 
1537 
34306 
1538 
34307 
1539 
34308 
1540 
34309 
1541 
34310 
1542 
34311 
1543 
34312 
1544 
34313 
1545 
34314 
1546 
34315 
1547 
34316 
1548 
34317 
1549 
34318 
1550 
34319 
1551 
34320 
1552 
34321 
1553 
34322 
1554 
34323 
1555 
34324 
1556 
34325 
1557 
34326 
1558 
34327 
1559 
34328 
1560 
34329 
1561 
34330 
1562 
34331 
1563 
34332 
1564 
34333 
1565 
34334 
1566 
34335 
1567 
34336 
1568 
34337 
1569 
34338 
1570 
34339 
1571 
34340 
1572 
34341 
1573 
34342 
1574 
34343 
1575 
34344 
1576 
34345 
1577 
34346 
1578 
34347 
1579 
34348 
1580 
34349 
1581 
34350 
1582 
34351 
1583 
34352 
1584 
34353 
1585 
34354 
1586 
34355 
1587 
34356 
1588 
34357 
1589 
34358 
1590 
34359 
1591 
34360 
1592 
34361 
1593 
34362 
1594 
34363 
1595 
34364 
1596 
34365 
1597 
34366 
1598 
34367 
1599 
34368 
1600 
34369 
1601 
34370 
1602 
34371 
1603 
34372 
1604 
34373 
1605 
34374 
1606 
34375 
1607 
34376 
1608 
34377 
1609 
34378 
1610 
34379 
1611 
34380 
1612 
34381 
1613 
34382 
1614 
34383 
1615 
34384 
1616 
34385 
1617 
34386 
1618 
34387 
1619 
34388 
1620 
34389 
1621 
34390 
1622 
34391 
1623 
34392 
1624 
34393 
1625 
34394 
1626 
34395 
1627 
34396 
1628 
34397 
1629 
34398 
1630 
34399 
1631 
34400 
1632 
34401 
1633 
34402 
1634 
34403 
1635 
34404 
1636 
34405 
1637 
34406 
1638 
34407 
1639 
34408 
1640 
34409 
1641 
34410 
1642 
34411 
1643 
34412 
1644 
34413 
1645 
34414 
1646 
34415 
1647 
34416 
1648 
34417 
1649 
34418 
1650 
34419 
1651 
34420 
1652 
34421 
1653 
34422 
1654 
34423 
1655 
34424 
1656 
34425 
1657 
34426 
1658 
34427 
1659 
34428 
1660 
34429 
1661 
34430 
1662 
34431 
1663 
34432 
1664 
34433 
1665 
34434 
1666 
34435 
1667 
34436 
1668 
34437 
1669 
34438 
1670 
34439 
1671 
34440 
1672 
34441 
1673 
34442 
1674 
34443 
1675 
34444 
1676 
34445 
1677 
34446 
1678 
34447 
1679 
34448 
1680 
34449 
1681 
34450 
1682 
34451 
1683 
34452 
1684 
1685 
1686 
1687 
1688 
1689 
1690 
1691 
1692 
1693 
1694 
1695 
1696 
1697 
1698 
1699 
1700 
1701 
1702 
1703 
1704 
1705 
1706 
1707 
1708 
1709 
1710 
1711 
1712 
1713 
1714 
1715 
1716 
1717 
1718 
1719 
1720 
1721 
1722 
1723 
1724 
1725 
1726 
1727 
1728 
1729 
1730 
1731 
1732 
1733 
1734 
1735 
1736 
1737 
1738 
1739 
1740 
1741 
1742 
1743 
1744 
1745 
1746 
1747 
1748 
1749 
1750 
1751 
1752 
1753 
1754 
1755 
1756 
1757 
1758 
1759 
1760 
1761 
1762 
1763 
1764 
1765 
1766 
1767 
1768 
1769 
1770 
1771 
1772 
1773 
1774 
1775 
1776 
1777 
1778 
1779 
1780 
1781 
1782 
1783 
1784 
1785 
1787 
1788 
1789 
1790 
1791 
1792 
1793 
1794 
1795 
1796 
1797 
1798 
1799 
1800 
1801 
1802 
1803 
1804 
1805 
1806 
1807 
1808 
1809 
1810 
1811 
1812 
1813 
1814 
1815 
1816 
1817 
1818 
1819 
1820 
1821 
1822 
1823 
1824 
1825 
1826 
1827 
1828 
1829 
1830 
1831 
1832 
1833 
1834 
1835 
1836 
1837 
1838 
1839 
1840 
1841 
1842 
1843 
1844 
1845 
1846 
1847 
1848 
1849 
1850 
1851 
1852 
1853 
1854 
1855 
1856 
1857 
1858 
1859 
1860 
1861 
1862 
1863 
1864 
1865 
1866 
1867 
1868 
1869 
1870 
1871 
1872 
1873 
1874 
1875 
1876 
1877 
1878 
1879 
1880 
1881 
1882 
1883 
1884 
1885 
1886 
1887 
1888 
1889 
1890 
1891 
1892 
1893 
1894 
1895 
1896 
1897 
1898 
1899 
1900 
1901 
1902 
1903 
1904 
1905 
1906 
1907 
1908 
1909 
1910 
1911 
1912 
1913 
1914 
1915 
1916 
1917 
1918 
1919 
1920 
1921 
1922 
1923 
1924 
1925 
1926 
1927 
1928 
1929 
1930 
1931 
1932 
1933 
1934 
1935 
1936 
1937 
1938 
1939 
1940 
1941 
1942 
1943 
1944 
1945 
1946 
1947 
1948 
1949 
1950 
1951 
1952 
1953 
1954 
1955 
1956 
1957 
1958 
1959 
1960 
1961 
1962 
1963 
1964 
1965 
1966 
1967 
1968 
1969 
1970 
1971 
1972 
1973 
1974 
1975 
1976 
1977 
1978 
1979 
1980 
1981 
1982 
1983 
1984 
1985 
1986 
1987 
1988 
1989 
1990 
1991 
1992 
1993 
1994 
1995 
1996 
1997 
1998 
1999 
2000 
2001 
2002 
2003 
2004 
2005 
2006 
2007 
2008 
2009 
2010 
2011 
2012 
2013 
2014 
2015 
2016 
2017 
2018 
2019 
2020 
2021 
2022 
2023 
2024 
2025 
2026 
2027 
2028 
2029 
2030 
2031 
2032 
2033 
2034 
2035 
2036 
2037 
2038 
2039 
2040 
2041 
2042 
2043 
2044 
2045 
2046 
2047 
2048 
2049 
2050 
2051 
2052 
2053 
2054 
2055 
2056 
2057 
2058 
2059 
2060 
2061 
2062 
2063 
2064 
2065 
2066 
2067 
2068 
2069 
2070 
2071 
2072 
2073 
2074 
2075 
2076 
2077 
2078 
2079 
2080 
2081 
2082 
2083 
2084 
2085 
2086 
2087 
2088 
2089 
2090 
2091 
2092 
2093 
2094 
2095 
2096 
2097 
2098 
2099 
2100 
2101 
2102 
2103 
2104 
2105 
2106 
2107 
2108 
2109 
2110 
2111 
2112 
2113 
2114 
2115 
2116 
2117 
2118 
2119 
2120 
2121 
2122 
2123 
2124 
2125 
2126 
2127 
2128 
2129 
2130 
2131 
2132 
2133 
2134 
2135 
2136 
2137 
2138 
2139 
2140 
2141 
2142 
2143 
2144 
2145 
2146 
2147 
2148 
2149 
2150 
2151 
2152 
2153 
2154 
2155 
2156 
2157 
2158 
2159 
2160 
2161 
2162 
2163 
2164 
2165 
2166 
2167 
2168 
2169 
2170 
2171 
2172 
2173 
2174 
2175 
2176 
2177 
2178 
2179 
2180 
2181 
2182 
2183 
2184 
2185 
2186 
2187 
2188 
2189 
2190 
2191 
2192 
2193 
2194 
2195 
2196 
2197 
2198 
2199 
2200 
2201 
2202 
2203 
2204 
2205 
2206 
2207 
2208 
2209 
2210 
2211 
2212 
2213 
2214 
2215 
2216 
2217 
2218 
2219 
2220 
2221 
2222 
2223 
2224 
2225 
2226 
2227 
2228 
2229 
2230 
2231 
2232 
2233 
2234 
2235 
2236 
2237 
2238 
2239 
2240 
2241 
2242 
2243 
2244 
2245 
2246 
2247 
2248 
2249 
2250 
2251 
2252 
2253 
2254 
2255 
2256 
2257 
2258 
2259 
2260 
2261 
2262 
2263 
2264 
2265 
2266 
2267 
2268 
2269 
2270 
2271 
2272 
2273 
2274 
2275 
2276 
2277 
2278 
2279 
2280 
2281 
2282 
2283 
2284 
2285 
2286 
2287 
2288 
2289 
2290 
2291 
2292 
2293 
2294 
2295 
2296 
2297 
2298 
2299 
2300 
2301 
2302 
2303 
2304 
2305 
2306 
2307 
2308 
2309 
2310 
2311 
2312 
2313 
2314 
2315 
2316 
2317 
2318 
2319 
2320 
2321 
2322 
2323 
2324 
2325 
2326 
2327 
2328 
2329 
2330 
2331 
2332 
2333 
2334 
2335 
2336 
2337 
2338 
2339 
2340 
2341 
2342 
2343 
2344 
2345 
2346 
2347 
2348 
2349 
2350 
2351 
2352 
2353 
2354 
2355 
2356 
2357 
2358 
2359 
2360 
2361 
2362 
2363 
2364 
2365 
2366 
2367 
2368 
2369 
2370 
2371 
2372 
2373 
2374 
2375 
2376 
2377 
2378 
2379 
2380 
2381 
2382 
2383 
2384 
2385 
2386 
2387 
2388 
2389 
2390 
2391 
2392 
2393 
2394 
2395 
2396 
2397 
2398 
2399 
2400 
2401 
2402 
2403 
2404 
2405 
2406 
2407 
2408 
2409 
2410 
2411 
2412 
2413 
2414 
2415 
2416 
2417 
2418 
2419 
2420 
2421 
2422 
2423 
2424 
2425 
2426 
2427 
2428 
2429 
2430 
2431 
2432 
2433 
2434 
2435 
2436 
2437 
2438 
2439 
2440 
2441 
2442 
2443 
2444 
2445 
2446 
2447 
2448 
2449 
2450 
2451 
2452 
2453 
2454 
2455 
2456 
2457 
2458 
2459 
2460 
2461 
2462 
2463 
2464 
2465 
2466 
2467 
2468 
2469 
2470 
2471 
2472 
2473 
2474 
2475 
2476 
2477 
2478 
2479 
2480 
2481 
2482 
2483 
2484 
2485 
2486 
2487 
2488 
2489 
2490 
2491 
2492 
2493 
2494 
2495 
2496 
2497 
2498 
2499 
2500 
2501 
2502 
2503 
2504 
2505 
2506 
2507 
2508 
2509 
2510 
2511 
2512 
2513 
2514 
2515 
2516 
2517 
2518 
2519 
2520 
2521 
2522 
2523 
2524 
2525 
2526 
2527 
2528 
2529 
2530 
2531 
2532 
2533 
2534 
2535 
2536 
2537 
2538 
2539 
2540 
2541 
2542 
2543 
2544 
2545 
2546 
2547 
2548 
2549 
2550 
2551 
2552 
2553 
2554 
2555 
2556 
2557 
2558 
2559 
2560 
2561 
2562 
2563 
2564 
2565 
2566 
2567 
2568 
2569 
2570 
2571 
2572 
2573 
2574 
2575 
2576 
2577 
2578 
2579 
2580 
2581 
2582 
2583 
2584 
2585 
2586 
2587 
2588 
2589 
2590 
2591 
2592 
2593 
2594 
2595 
2596 
2597 
2598 
2599 
2600 
2601 
2602 
2603 
2604 
2605 
2606 
2607 
2608 
2609 
2610 
2611 
2612 
2613 
2614 
2615 
2616 
2617 
2618 
2619 
2620 
2621 
2622 
2623 
2624 
2625 
2626 
2627 
2628 
2629 
2630 
2631 
2632 
2633 
2634 
2635 
2636 
2637 
2638 
2639 
2640 
2641 
2642 
2643 
2644 
2645 
2646 
2647 
2648 
2649 
2650 
2651 
2652 
2653 
2654 
2655 
2656 
2657 
2658 
2659 
2660 
2661 
2662 
2663 
2664 
2665 
2666 
2667 
2668 
2669 
2670 
2671 
2672 
2673 
2674 
2675 
2676 
2677 
2678 
2679 
2680 
2681 
2682 
2683 
2684 
2685 
2686 
2687 
2688 
2689 
2690 
2691 
2692 
2693 
2694 
2695 
2696 
2697 
2698 
2699 
2700 
2701 
2702 
2703 
2704 
2705 
2706 
2707 
2708 
2709 
2710 
2711 
2712 
2713 
2714 
2715 
2716 
2717 
2718 
2719 
2720 
2721 
2722 
2723 
2724 
2725 
2726 
2727 
2728 
2729 
2730 
2731 
2732 
2733 
2734 
2735 
2736 
2737 
2738 
2739 
2740 
2741 
2742 
2743 
2744 
2745 
2746 
2747 
2748 
2749 
2750 
2751 
2752 
2753 
2754 
2755 
2756 
2757 
2758 
2759 
2760 
2761 
2762 
2763 
2764 
2765 
2766 
2767 
2768 
2769 
2770 
2771 
2772 
2773 
2774 
2775 
2776 
2777 
2778 
2779 
2780 
2781 
2782 
2783 
2784 
2785 
2786 
2787 
2788 
2789 
2790 
2791 
2792 
2793 
2794 
2795 
2796 
2797 
2798 
2799 
2800 
2801 
2802 
2803 
2804 
2805 
2806 
2807 
2808 
2809 
2810 
2811 
2812 
2813 
2814 
2815 
2816 
2817 
2818 
2819 
2820 
2821 
2822 
2823 
2824 
2825 
2826 
2827 
2828 
2829 
2830 
2831 
2832 
2833 
2834 
2835 
2836 
2837 
2838 
2839 
2840 
2841 
2842 
2843 
2844 
2845 
2846 
2847 
2848 
2849 
2850 
2851 
2852 
2853 
2854 
2855 
2856 
2857 
2858 
2859 
2860 
2861 
2862 
2863 
2864 
2865 
2866 
2867 
2868 
2869 
2870 
2871 
2872 
2873 
2874 
2875 
2876 
2877 
2878 
2879 
2880 
2881 
2882 
2883 
2884 
2885 
2886 
2887 
2888 
2889 
2890 
2891 
2892 
2893 
2894 
2895 
2896 
2897 
2898 
2899 
2900 
2901 
2902 
2903 
2904 
2905 
2906 
2907 
2908 
2909 
2910 
2911 
2912 
2913 
2914 
2915 
2916 
2917 
2918 
2919 
2920 
2921 
2922 
2923 
2924 
2925 
2926 
2927 
2928 
2929 
2930 
2931 
2932 
2933 
2934 
2935 
2936 
2937 
2938 
2939 
2940 
2941 
2942 
2943 
2944 
2945 
2946 
2947 
2948 
2949 
2950 
2951 
2952 
2953 
2954 
2955 
2956 
2957 
2958 
2959 
2960 
2961 
2962 
2963 
2964 
2965 
2966 
2967 
2968 
2969 
2970 
2971 
2972 
2973 
2974 
2975 
2976 
2977 
2978 
2979 
2980 
2981 
2982 
2983 
2984 
2985 
2986 
2987 
2988 
2989 
2990 
2991 
2992 
2993 
2994 
2995 
2996 
2997 
2998 
2999 
3000 
3001 
3002 
3003 
3004 
3005 
3006 
3007 
3008 
3009 
3010 
3011 
3012 
3013 
3014 
3015 
3016 
3017 
3018 
3019 
3020 
3021 
3022 
3023 
3024 
3025 
3026 
3027 
3028 
3029 
3030 
3031 
3032 
3033 
3034 
3035 
3036 
3037 
3038 
3039 
3040 
3041 
3042 
3043 
3044 
3045 
3046 
3047 
3048 
3049 
3050 
3051 
3052 
3053 
3054 
3055 
3056 
3057 
3058 
3059 
3060 
3061 
3062 
3063 
3064 
3065 
3066 
3067 
3068 
3069 
3070 
3071 
3072 
3073 
3074 
3075 
3076 
3077 
3078 
3079 
3080 
3081 
3082 
3083 
3084 
3085 
3086 
3102 
3103 
3104 
3105 
3106 
3107 
3108 
3109 
3110 
3111 
3112 
3113 
3114 
3115 
3116 
3117 
3118 
3119 
3130 
3131 
3132 
3133 
3134 
3135 
3136 
3137 
3138 
3139 
3140 
3141 
3142 
3143 
3144 
3145 
3146 
3147 
3148 
3149 
3150 
3151 
3152 
3153 
3154 
3155 
3156 
3157 
3158 
3159 
3160 
3161 
3162 
3163 
3164 
3165 
3166 
3167 
3168 
3169 
3170 
3171 
3172 
3173 
3174 
3175 
3176 
3177 
3178 
3179 
3180 
3181 
3182 
3183 
3184 
3185 
3186 
3187 
3188 
3189 
3190 
3191 
3192 
3193 
3194 
3195 
3196 
3197 
3198 
3199 
3200 
3212 
3213 
3214 
3215 
3216 
3217 
3218 
3219 
3220 
3221 
3222 
3223 
3224 
3225 
3226 
3227 
3228 
3229 
3230 
3231 
3232 
3245 
3246 
3247 
3248 
3249 
3250 
3251 
3252 
3253 
3254 
3255 
3256 
3257 
3258 
3259 
3260 
3261 
3262 
3263 
3264 
3265 
3266 
3267 
3268 
3269 
3270 
3271 
3272 
3273 
3274 
3275 
3276 
3277 
3278 
3279 
3280 
3281 
3282 
3283 
3284 
3285 
3286 
3287 
3288 
3289 
3290 
3291 
3292 
3293 
3294 
3295 
3296 
3297 
3298 
3299 
3300 
3301 
3302 
3303 
3304 
3305 
3306 
3307 
3308 
3309 
3310 
3311 
3312 
3313 
3314 
3315 
3316 
3317 
3318 
3319 
3320 
3321 
3322 
3323 
3324 
3325 
3326 
3327 
3328 
3329 
3330 
3331 
3332 
3333 
3334 
3335 
3336 
3337 
3338 
3339 
3340 
3341 
3342 
3343 
3344 
3345 
3346 
3347 
3348 
3349 
3350 
3351 
3352 
3353 
3354 
3355 
3356 
3357 
3358 
3359 
3360 
3361 
3362 
3363 
3364 
3365 
3366 
3367 
3368 
3369 
3370 
3371 
3372 
3373 
3374 
3375 
3376 
3377 
3378 
3379 
3380 
3381 
3382 
3383 
3384 
3385 
3386 
3387 
3388 
3389 
3390 
3391 
3392 
3393 
3394 
3395 
3396 
3397 
3398 
3399 
3400 
3401 
3402 
3403 
3404 
3405 
3406 
3407 
3408 
3409 
3410 
3411 
3412 
3413 
3414 
3415 
3416 
3417 
3418 
3419 
3420 
3421 
3422 
3423 
3424 
3425 
3426 
3427 
3428 
3429 
3430 
3431 
3432 
3433 
3434 
3435 
3436 
3437 
3438 
3439 
3440 
3441 
3442 
3443 
3444 
3445 
3446 
3447 
3448 
3449 
3450 
3451 
3452 
3453 
3454 
3455 
3456 
3457 
3458 
3459 
3460 
3461 
3462 
3463 
3464 
3465 
3466 
3467 
3468 
3469 
3470 
3471 
3472 
3473 
3474 
3475 
3476 
3477 
3478 
3479 
3480 
3481 
3482 
3483 
3484 
3485 
3486 
3487 
3488 
3489 
3490 
3491 
3492 
3493 
3494 
3495 
3496 
3497 
3498 
3499 
3500 
3501 
3502 
3503 
3504 
3505 
3506 
3507 
3508 
3509 
3510 
3511 
3512 
3513 
3514 
3515 
3516 
3517 
3518 
3519 
3520 
3521 
3522 
3523 
3524 
3525 
3526 
3527 
3528 
3529 
3530 
3531 
3532 
3533 
3534 
3535 
3536 
3537 
3538 
3539 
3540 
3541 
3542 
3543 
3544 
3545 
3546 
3547 
3548 
3549 
3550 
3551 
3552 
3553 
3554 
3555 
3556 
3557 
3558 
3559 
3560 
3561 
3562 
3563 
3564 
3565 
3566 
3567 
3568 
3569 
3570 
3571 
3572 
3573 
3574 
3575 
3576 
3577 
3578 
3579 
3580 
3581 
3582 
3583 
3584 
3585 
3586 
3587 
3588 
3589 
3590 
3591 
3592 
3593 
3594 
3595 
3596 
3597 
3598 
3599 
3600 
3601 
3602 
3603 
3604 
3605 
3606 
3607 
3608 
3609 
3610 
3611 
3612 
3613 
3614 
3615 
3616 
3617 
3618 
3619 
3620 
3621 
3622 
3623 
3624 
3625 
3626 
3627 
3628 
3629 
3630 
3631 
3632 
3633 
3634 
3635 
3636 
3637 
3638 
3639 
3640 
3641 
3642 
3643 
3644 
3645 
3646 
3647 
3648 
3649 
3650 
3651 
3652 
3653 
3654 
3655 
3656 
3657 
3658 
3659 
3660 
3661 
3662 
3663 
3664 
3665 
3666 
3667 
3668 
3669 
3670 
3671 
3672 
3673 
3674 
3675 
3676 
3677 
3678 
3679 
3680 
3681 
3682 
3683 
3684 
3685 
3686 
3687 
3688 
3689 
3690 
3691 
3692 
3693 
3694 
3695 
3696 
3697 
3698 
3699 
3700 
3701 
3702 
3703 
3704 
3705 
3706 
3707 
3708 
3709 
3710 
3711 
3712 
3713 
3714 
3715 
3716 
3717 
3718 
3719 
3720 
3721 
3722 
3723 
3724 
3725 
3726 
3727 
3728 
3729 
3730 
3731 
3732 
3733 
3734 
3735 
3736 
3737 
3738 
3739 
3740 
3741 
3742 
3743 
3744 
3745 
3746 
3747 
3748 
3749 
3750 
3751 
3752 
3753 
3754 
3755 
3756 
3757 
3758 
3759 
3760 
3761 
3762 
3763 
3764 
3765 
3766 
3767 
3768 
3769 
3770 
3771 
3772 
3773 
3774 
3775 
3776 
3777 
3778 
3779 
3780 
3781 
3782 
3783 
3784 
3785 
3786 
3787 
3788 
3789 
3790 
3791 
3792 
3793 
3794 
3795 
3796 
3797 
3798 
3799 
3800 
3801 
3802 
3803 
3804 
3805 
3806 
3807 
3808 
3809 
3810 
3811 
3812 
3813 
3814 
3815 
3816 
3817 
3818 
3819 
3820 
3821 
3822 
3823 
3824 
3825 
3826 
3827 
3828 
3829 
3830 
3831 
3832 
3833 
3834 
3835 
3836 
3837 
3838 
3839 
3840 
3841 
3842 
3843 
3844 
3845 
3846 
3847 
3848 
3849 
3850 
3851 
3852 
3853 
3854 
3855 
3856 
3857 
3858 
3859 
3860 
3861 
3862 
3863 
3864 
3865 
3866 
3867 
3868 
3869 
3870 
3871 
3872 
3873 
3874 
3875 
3876 
3877 
3878 
3879 
3880 
3881 
3882 
3883 
3884 
3885 
3886 
3887 
3888 
3889 
3890 
3891 
3892 
3893 
3894 
3895 
3896 
3897 
3898 
3899 
3900 
3901 
3902 
3903 
3904 
3905 
3906 
3907 
3908 
3909 
3910 
3911 
3912 
3913 
3914 
3915 
3916 
3917 
3918 
3919 
3920 
3921 
3922 
3923 
3924 
3925 
3926 
3927 
3928 
3929 
3930 
3931 
3932 
3933 
3934 
3935 
3936 
3937 
3938 
3939 
3940 
3941 
3942 
3943 
3944 
3945 
3946 
3947 
3948 
3949 
3950 
3951 
3952 
3953 
3954 
3955 
3956 
3957 
3958 
3959 
3960 
3961 
3962 
3963 
3964 
3965 
3966 
3967 
3968 
3969 
3970 
3971 
3972 
3973 
3974 
3975 
3976 
3977 
3978 
3979 
3980 
3981 
3982 
3983 
3984 
3985 
3986 
3987 
3988 
3989 
3990 
3991 
3992 
3993 
3994 
3995 
3996 
3997 
3998 
3999 
4000 
4001 
4002 
4003 
4004 
4005 
4006 
4007 
4008 
4009 
4010 
4011 
4012 
4013 
4014 
4015 
4016 
4017 
4018 
4019 
4020 
4021 
4022 
4023 
4024 
4025 
4026 
4027 
4028 
4029 
4030 
4031 
4032 
4033 
4034 
4035 
4036 
4037 
4038 
4039 
4040 
4041 
4042 
4043 
4044 
4045 
4046 
4047 
4048 
4049 
4050 
4051 
4052 
4053 
4054 
4055 
4056 
4057 
4058 
4059 
4060 
4061 
4062 
4063 
4064 
4065 
4066 
4067 
4068 
4069 
4070 
4071 
4072 
4073 
4074 
4075 
4076 
4077 
4078 
4079 
4080 
4081 
4082 
4083 
4084 
4085 
4086 
4087 
4088 
4089 
4090 
4091 
4092 
4093 
4094 
4095 
4096 
4097 
4098 
4099 
4100 
4101 
4102 
4103 
4104 
4105 
4106 
4107 
4108 
4109 
4110 
4111 
4112 
4113 
4114 
4115 
4116 
4117 
4118 
4119 
4120 
4121 
4122 
4123 
4124 
4125 
4126 
4127 
4128 
4129 
4130 
4131 
4132 
4133 
4134 
4135 
4136 
4137 
4138 
4139 
4140 
4141 
4142 
4143 
4144 
4145 
4146 
4147 
4148 
4149 
4150 
4151 
4152 
4153 
4154 
4155 
4156 
4157 
4158 
4159 
4160 
4161 
4162 
4163 
4164 
4165 
4166 
4167 
4168 
4169 
4170 
4171 
4172 
4173 
4174 
4175 
4176 
4177 
4178 
4179 
4180 
4181 
4182 
4183 
4184 
4185 
4186 
4187 
4188 
4189 
4190 
4191 
4192 
4193 
4194 
4195 
4196 
4197 
4198 
4199 
4200 
4201 
4202 
4203 
4204 
4205 
4206 
4207 
4208 
4209 
4210 
4211 
4212 
4213 
4214 
4215 
4216 
4217 
4218 
4219 
4220 
4221 
4222 
4223 
4224 
4225 
4226 
4227 
4228 
4229 
4230 
4231 
4232 
4233 
4234 
4235 
4236 
4237 
4238 
4239 
4240 
4241 
4242 
4243 
4244 
4245 
4246 
4247 
4248 
4249 
4250 
4251 
4252 
4253 
4254 
4255 
4256 
4257 
4258 
4259 
4260 
4261 
4262 
4263 
4264 
4265 
4266 
4267 
4268 
4269 
4270 
4271 
4272 
4273 
4274 
4275 
4276 
4277 
4278 
4279 
4280 
4281 
4282 
4283 
4284 
4285 
4286 
4287 
4288 
4289 
4290 
4291 
4292 
4293 
4294 
4295 
4296 
4297 
4298 
4299 
4300 
4301 
4302 
4303 
4304 
4305 
4306 
4307 
4308 
4309 
4310 
4311 
4312 
4313 
4314 
4315 
4316 
4317 
4318 
4319 
4320 
4321 
4322 
4323 
4324 
4325 
4326 
4327 
4328 
4329 
4330 
4331 
4332 
4333 
4334 
4335 
4336 
4337 
4338 
4339 
4340 
4341 
4342 
4343 
4344 
4345 
4346 
4347 
4348 
4349 
4350 
4351 
4352 
4353 
4354 
4355 
4356 
4357 
4358 
4359 
4360 
4361 
4362 
4363 
4364 
4365 
4366 
4367 
4368 
4369 
4370 
4371 
4372 
4373 
4374 
4375 
4376 
4377 
4378 
4379 
4380 
4381 
4382 
4383 
4384 
4385 
4386 
4387 
4388 
4389 
4390 
4391 
4392 
4393 
4394 
4395 
4396 
4397 
4398 
4399 
4400 
4401 
4402 
4403 
4404 
4405 
4406 
4407 
4408 
4409 
4410 
4411 
4412 
4413 
4414 
4415 
4416 
4417 
4418 
4419 
4420 
4421 
4422 
4423 
4424 
4425 
4426 
4427 
4428 
4429 
4430 
4431 
4432 
4433 
4434 
4435 
4436 
4437 
4438 
4439 
4440 
4441 
4442 
4443 
4444 
4445 
4446 
4447 
4448 
4449 
4450 
4451 
4452 
4453 
4454 
4455 
4456 
4457 
4458 
4459 
4460 
4461 
4462 
4463 
4464 
4465 
4466 
4467 
4468 
4469 
4470 
4471 
4472 
4473 
4474 
4475 
4476 
4477 
4478 
4479 
4480 
4481 
4482 
4483 
4484 
4485 
4486 
4487 
4488 
4489 
4490 
4491 
4492 
4493 
4494 
4495 
4496 
4497 
4498 
4499 
4500 
4501 
4502 
4503 
4504 
4505 
4506 
4507 
4508 
4509 
4510 
4511 
4512 
4513 
4514 
4515 
4516 
4517 
4519 
4520 
4521 
4522 
4523 
4524 
4525 
4526 
4527 
4528 
4529 
4530 
4531 
4532 
4533 
4534 
4535 
4536 
4537 
4538 
4539 
4540 
4541 
4542 
4543 
4544 
4545 
4546 
4547 
4548 
4549 
4550 
4551 
4552 
4553 
4554 
4555 
4556 
4557 
4558 
4559 
4560 
4561 
4562 
4563 
4564 
4565 
4566 
4567 
4568 
4569 
4570 
4571 
4572 
4573 
4574 
4575 
4576 
4577 
4578 
4579 
4580 
4581 
4582 
4583 
4584 
4585 
4586 
4587 
4588 
4589 
4590 
4591 
4592 
4593 
4594 
4595 
4596 
4597 
4598 
4599 
4600 
4601 
4602 
4603 
4604 
4605 
4606 
4607 
4608 
4609 
4610 
4611 
4612 
4613 
4614 
4615 
4616 
4617 
4618 
4619 
4620 
4621 
4622 
4623 
4624 
4625 
4626 
4627 
4628 
4629 
4630 
4631 
4632 
4633 
4634 
4635 
4636 
4637 
4638 
4639 
4640 
4641 
4642 
4643 
4644 
4645 
4646 
4647 
4648 
4649 
4650 
4651 
4652 
4653 
4654 
4655 
4656 
4657 
4658 
4659 
4660 
4661 
4662 
4663 
4664 
4665 
4666 
4667 
4668 
4669 
4670 
4671 
4672 
4673 
4674 
4675 
4676 
4677 
4678 
4679 
4680 
4681 
4682 
4683 
4684 
4685 
4686 
4687 
4688 
4689 
4690 
4691 
4692 
4693 
4694 
4695 
4696 
4697 
4698 
4699 
4700 
4701 
4702 
4703 
4704 
4705 
4706 
4707 
4708 
4709 
4710 
4711 
4712 
4713 
4714 
4715 
4716 
4717 
4718 
4719 
4720 
4721 
4722 
4723 
4724 
4725 
4726 
4727 
4728 
4729 
4730 
4731 
4732 
4733 
4734 
4735 
4736 
4737 
4738 
4739 
4740 
4741 
4742 
4743 
4744 
4745 
4746 
4747 
4748 
4749 
4750 
4751 
4752 
4753 
4754 
4755 
4756 
4757 
4758 
4759 
4760 
4761 
4762 
4763 
4764 
4765 
4766 
4767 
4768 
4769 
4770 
4771 
4772 
4773 
4774 
4775 
4776 
4777 
4778 
4780 
4781 
4782 
4783 
4784 
4785 
4786 
4787 
4788 
4789 
4790 
4791 
4792 
4793 
4794 
4795 
4796 
4797 
4798 
4799 
4800 
4801 
4802 
4803 
4804 
4805 
4806 
4807 
4808 
4809 
4810 
4811 
4812 
4813 
4814 
4815 
4816 
4817 
4818 
4819 
4820 
4821 
4823 
4824 
4825 
4826 
4827 
4828 
4829 
4830 
4831 
4832 
4833 
4834 
4835 
4836 
4837 
4838 
4839 
4840 
4841 
4842 
4843 
4844 
4845 
4846 
4847 
4848 
4849 
4850 
4851 
4852 
4853 
4854 
4855 
4856 
4857 
4858 
4859 
4860 
4861 
4862 
4863 
4864 
4865 
4866 
4867 
4868 
4869 
4870 
4871 
4872 
4873 
4874 
4875 
4876 
4877 
4878 
4879 
4880 
4881 
4882 
4883 
4884 
4885 
4886 
4887 
4888 
4889 
4890 
4891 
4892 
4893 
4894 
4895 
4896 
4897 
4898 
4899 
4900 
4902 
4903 
4904 
4905 
4906 
4907 
4908 
4909 
4910 
4911 
4912 
4913 
4914 
4915 
4916 
4917 
4918 
4919 
4920 
4921 
4922 
4923 
4924 
4925 
4926 
4927 
4928 
4929 
4930 
4931 
4932 
4933 
4934 
4935 
4936 
4937 
4938 
4939 
4940 
4941 
4942 
4943 
4944 
4945 
4946 
4947 
4948 
4949 
4950 
4951 
4952 
4953 
4954 
4955 
4956 
4957 
4958 
4959 
4960 
4961 
4962 
4963 
4964 
4965 
4966 
4967 
4968 
4969 
4970 
4971 
4972 
4973 
4974 
4975 
4976 
4977 
4978 
4979 
4980 
4981 
4982 
4983 
4984 
4985 
4986 
4987 
4988 
4989 
4990 
4991 
4992 
4993 
4994 
4995 
4996 
4997 
4998 
4999 
5000 
5001 
5002 
5003 
5004 
5005 
5006 
5007 
5008 
5009 
5010 
5011 
5012 
5013 
5014 
5015 
5016 
5017 
5018 
5019 
5020 
5021 
5022 
5023 
5024 
5025 
5026 
5027 
5028 
5029 
5030 
5031 
5032 
5033 
5034 
5035 
5036 
5037 
5038 
5039 
5040 
5041 
5042 
5043 
5044 
5045 
5046 
5047 
5048 
5049 
5050 
5051 
5052 
5053 
5054 
5055 
5056 
5057 
5058 
5059 
5060 
5061 
5062 
5063 
5064 
5065 
5066 
5067 
5068 
5069 
5070 
5071 
5072 
5073 
5074 
5075 
5076 
5077 
5078 
5079 
5080 
5081 
5082 
5083 
5084 
5085 
5086 
5087 
5088 
5089 
5090 
5091 
5092 
5093 
5094 
5095 
5096 
5097 
5098 
5099 
5100 
5101 
5102 
5103 
5104 
5105 
5106 
5107 
5108 
5109 
5110 
5111 
5112 
5113 
5114 
5115 
5116 
5117 
5118 
5119 
5120 
5121 
5122 
5123 
5124 
5125 
5126 
5127 
5128 
5129 
5130 
5131 
5132 
5133 
5134 
5135 
5136 
5137 
5138 
5139 
5140 
5141 
5142 
5143 
5144 
5145 
5146 
5147 
5148 
5149 
5150 
5151 
5152 
5153 
5154 
5155 
5156 
5157 
5158 
5159 
5160 
5161 
5162 
5163 
5164 
5165 
5166 
5167 
5168 
5169 
5170 
5171 
5172 
5173 
5174 
5175 
5176 
5177 
5178 
5179 
5180 
5181 
5182 
5183 
5184 
5185 
5186 
5187 
5188 
5189 
5190 
5191 
5192 
5193 
5194 
5195 
5196 
5197 
5198 
5199 
5200 
5201 
5202 
5203 
5204 
5205 
5206 
5207 
5208 
5209 
5210 
5211 
5212 
5213 
5214 
5215 
5216 
5217 
5218 
5219 
5220 
5221 
5222 
5223 
5224 
5225 
5226 
5227 
5228 
5229 
5230 
5231 
5232 
5233 
5234 
5235 
5236 
5237 
5238 
5239 
5240 
5241 
5242 
5243 
5244 
5245 
5246 
5247 
5248 
5249 
5250 
5251 
5252 
5253 
5254 
5255 
5256 
5257 
5258 
5259 
5260 
5261 
5262 
5263 
5264 
5265 
5266 
5267 
5268 
5269 
5270 
5271 
5272 
5273 
5274 
5275 
5276 
5277 
5278 
5279 
5280 
5281 
5282 
5283 
5284 
5285 
5286 
5287 
5288 
5289 
5290 
5291 
5292 
5293 
5294 
5295 
5296 
5297 
5298 
5299 
5300 
5301 
5302 
5303 
5304 
5305 
5306 
5307 
5308 
5309 
5310 
5311 
5312 
5313 
5314 
5315 
5316 
5317 
5318 
5319 
5320 
5321 
5322 
5323 
5324 
5325 
5326 
5327 
5328 
5329 
5330 
5331 
5332 
5333 
5334 
5335 
5336 
5337 
5338 
5339 
5340 
5341 
5342 
5343 
5344 
5345 
5346 
5347 
5348 
5349 
5350 
5351 
5352 
5353 
5354 
5355 
5356 
5357 
5358 
5359 
5360 
5361 
5362 
5363 
5364 
5365 
5366 
5367 
5368 
5369 
5370 
5371 
5372 
5373 
5374 
5375 
5376 
5377 
5378 
5379 
5380 
5381 
5382 
5383 
5384 
5385 
5386 
5387 
5388 
5389 
5390 
5391 
5392 
5393 
5394 
5395 
5396 
5397 
5398 
5399 
5400 
5401 
5402 
5403 
5404 
5405 
5406 
5407 
5408 
5409 
5410 
5411 
5412 
5413 
5414 
5415 
5416 
5417 
5418 
5419 
5420 
5421 
5422 
5423 
5424 
5425 
5426 
5427 
5428 
5429 
5430 
5431 
5432 
5433 
5434 
5435 
5436 
5437 
5438 
5439 
5440 
5441 
5442 
5443 
5444 
5445 
5446 
5447 
5448 
5449 
5450 
5451 
5452 
5453 
5454 
5455 
5456 
5457 
5458 
5459 
5460 
5461 
5462 
5463 
5464 
5465 
5466 
5467 
5468 
5469 
5470 
5471 
5472 
5473 
5474 
5475 
5476 
5477 
5478 
5479 
5480 
5481 
5482 
5483 
5484 
5485 
5486 
5487 
5488 
5489 
5490 
5491 
5492 
5493 
5494 
5495 
5496 
5497 
5498 
5499 
5500 
5501 
5502 
5503 
5504 
5505 
5506 
5507 
5508 
5509 
5510 
5511 
5512 
5513 
5514 
5515 
5516 
5517 
5518 
5519 
5520 
5521 
5522 
5523 
5524 
5525 
5526 
5527 
5528 
5529 
5530 
5531 
5532 
5533 
5534 
5535 
5536 
5537 
5538 
5539 
5540 
5541 
5542 
5543 
5544 
5545 
5546 
5547 
5548 
5549 
5550 
5551 
5552 
5553 
5554 
5555 
5556 
5557 
5558 
5559 
5560 
5561 
5562 
5563 
5564 
5565 
5566 
5567 
5568 
5569 
5570 
5571 
5572 
5573 
5574 
5575 
5576 
5577 
5578 
5579 
5580 
5581 
5582 
5583 
5584 
5585 
5586 
5587 
5588 
5589 
5590 
5591 
5592 
5593 
5594 
5595 
5596 
5597 
5598 
5599 
5600 
5601 
5602 
5603 
5604 
5605 
5606 
5607 
5608 
5609 
5610 
5611 
5612 
5613 
5614 
5615 
5616 
5617 
5618 
5619 
5620 
5621 
5622 
5623 
5624 
5625 
5626 
5627 
5628 
5629 
5630 
5631 
5632 
5633 
5634 
5635 
5636 
5637 
5638 
5639 
5640 
5641 
5642 
5643 
5644 
5645 
5646 
5647 
5648 
5649 
5650 
5651 
5652 
5653 
5654 
5655 
5656 
5657 
5658 
5659 
5660 
5661 
5662 
5663 
5664 
5665 
5666 
5667 
5668 
5669 
5670 
5671 
5672 
5673 
5674 
5675 
5676 
5677 
5678 
5679 
5680 
5681 
5682 
5683 
5684 
5685 
5686 
5687 
5688 
5689 
5690 
5691 
5692 
5693 
5694 
5695 
5696 
5697 
5698 
5699 
5700 
5701 
5702 
5703 
5704 
5705 
5706 
5707 
5708 
5709 
5710 
5711 
5712 
5713 
5714 
5715 
5716 
5717 
5718 
5719 
5720 
5721 
5722 
5723 
5724 
5725 
5726 
5727 
5728 
5729 
5730 
5731 
5732 
5733 
5734 
5735 
5736 
5737 
5738 
5739 
5740 
5741 
5742 
5743 
5744 
5745 
5746 
5747 
5748 
5749 
5750 
5751 
5752 
5753 
5754 
5755 
5756 
5757 
5758 
5759 
5760 
5761 
5762 
5763 
5764 
5765 
5766 
5767 
5768 
5769 
5770 
5771 
5772 
5773 
5774 
5775 
5776 
5777 
5778 
5779 
5780 
5781 
5782 
5783 
5784 
5785 
5786 
5787 
5788 
5789 
5790 
5791 
5792 
5793 
5794 
5795 
5796 
5797 
5798 
5799 
5800 
5801 
5802 
5803 
5804 
5805 
5806 
5807 
5808 
5809 
5810 
5811 
5812 
5813 
5814 
5815 
5816 
5817 
5818 
5819 
5820 
5821 
5822 
5823 
5824 
5825 
5826 
5827 
5828 
5829 
5830 
5831 
5832 
5833 
5834 
5835 
5836 
5837 
5838 
5839 
5840 
5841 
5842 
5843 
5844 
5845 
5846 
5847 
5848 
5849 
5850 
5851 
5852 
5853 
5854 
5855 
5856 
5857 
5858 
5859 
5860 
5861 
5862 
5863 
5864 
5865 
5866 
5867 
5868 
5869 
5870 
5871 
5872 
5873 
5874 
5875 
5876 
5877 
5878 
5879 
5880 
5881 
5882 
5883 
5884 
5885 
5886 
5887 
5888 
5889 
5890 
5891 
5892 
5893 
5894 
5895 
5896 
5897 
5898 
5899 
5900 
5901 
5902 
5903 
5904 
5905 
5906 
5907 
5908 
5909 
5910 
5911 
5912 
5913 
5914 
5915 
5916 
5917 
5918 
5919 
5920 
5921 
5922 
5923 
5924 
5925 
5926 
5927 
5928 
5929 
5930 
5931 
5932 
5933 
5934 
5935 
5936 
5937 
5938 
5939 
5940 
5941 
5942 
5943 
5944 
5945 
5946 
5947 
5948 
5949 
5950 
5951 
5952 
5953 
5954 
5955 
5956 
5957 
5958 
5959 
5960 
5961 
5962 
5963 
5964 
5965 
5966 
5967 
5968 
5969 
5970 
5971 
5972 
5973 
5974 
5975 
5976 
5977 
5978 
5979 
5980 
5981 
5982 
5983 
5984 
5985 
5986 
5987 
5988 
5989 
5990 
5991 
5992 
5993 
5994 
5995 
5996 
5997 
5998 
5999 
6000 
6001 
6002 
6003 
6004 
6005 
6006 
6007 
6008 
6009 
6010 
6011 
6012 
6013 
6014 
6015 
6016 
6017 
6018 
6019 
6020 
6021 
6022 
6023 
6024 
6025 
6026 
6027 
6028 
6029 
6030 
6031 
6032 
6033 
6034 
6035 
6036 
6037 
6038 
6039 
6040 
6041 
6042 
6043 
6044 
6045 
6046 
6047 
6048 
6049 
6050 
6051 
6052 
6053 
6054 
6055 
6056 
6057 
6058 
6059 
6060 
6061 
6062 
6063 
6064 
6065 
6066 
6067 
6068 
6069 
6070 
6071 
6072 
6073 
6074 
6075 
6076 
6077 
6078 
6079 
6080 
6081 
6082 
6083 
6084 
6085 
6086 
6087 
6088 
6089 
6090 
6091 
6092 
6093 
6094 
6095 
6096 
6097 
6098 
6099 
6100 
6101 
6102 
6103 
6104 
6105 
6106 
6107 
6108 
6109 
6110 
6111 
6112 
6113 
6114 
6115 
6116 
6117 
6118 
6119 
6120 
6121 
6122 
6123 
6124 
6125 
6126 
6127 
6128 
6129 
6130 
6131 
6132 
6133 
6134 
6135 
6136 
6137 
6138 
6139 
6140 
6141 
6142 
6143 
6144 
6145 
6146 
6147 
6148 
6149 
6150 
6151 
6152 
6153 
6154 
6155 
6156 
6157 
6158 
6159 
6160 
6161 
6162 
6163 
6164 
6165 
6166 
6167 
6168 
6169 
6170 
6171 
6172 
6173 
6174 
6175 
6176 
6177 
6178 
6179 
6180 
6181 
6182 
6183 
6184 
6185 
6186 
6187 
6188 
6189 
6190 
6191 
6192 
6193 
6194 
6195 
6196 
6197 
6198 
6199 
6200 
6201 
6202 
6203 
6204 
6205 
6206 
6207 
6208 
6209 
6210 
6211 
6212 
6213 
6214 
6215 
6216 
6217 
6218 
6219 
6220 
6221 
6222 
6223 
6224 
6225 
6226 
6227 
6228 
6229 
6230 
6231 
6232 
6233 
6234 
6235 
6236 
6237 
6238 
6239 
6240 
6241 
6242 
6243 
6244 
6245 
6246 
6247 
6248 
6249 
6250 
6251 
6252 
6253 
6254 
6255 
6256 
6257 
6258 
6259 
6260 
6261 
6262 
6263 
6264 
6265 
6266 
6267 
6268 
6269 
6270 
6271 
6272 
6273 
6274 
6275 
6276 
6277 
6278 
6279 
6280 
6281 
6282 
6283 
6284 
6285 
6286 
6287 
6288 
6289 
6290 
6291 
6292 
6293 
6294 
6295 
6296 
6297 
6298 
6299 
6300 
6301 
6302 
6303 
6304 
6305 
6306 
6307 
6308 
6309 
6310 
6311 
6312 
6313 
6314 
6315 
6316 
6317 
6318 
6319 
6320 
6321 
6322 
6323 
6324 
6325 
6326 
6327 
6328 
6329 
6330 
6331 
6332 
6333 
6334 
6335 
6336 
6337 
6338 
6339 
6340 
6341 
6342 
6343 
6344 
6345 
6346 
6347 
6348 
6349 
6350 
6351 
6352 
6353 
6354 
6355 
6356 
6357 
6358 
6359 
6360 
6361 
6362 
6363 
6364 
6365 
6366 
6367 
6368 
6369 
6370 
6371 
6372 
6373 
6374 
6375 
6376 
6377 
6378 
6379 
6380 
6381 
6382 
6383 
6384 
6385 
6386 
6387 
6388 
6389 
6390 
6391 
6392 
6393 
6394 
6395 
6396 
6397 
6398 
6399 
6400 
6401 
6402 
6403 
6404 
6405 
6406 
6407 
6408 
6409 
6410 
6411 
6412 
6413 
6414 
6415 
6416 
6417 
6418 
6419 
6420 
6421 
6422 
6423 
6424 
6425 
6426 
6427 
6428 
6429 
6430 
6431 
6432 
6433 
6434 
6435 
6436 
6437 
6438 
6439 
6440 
6441 
6442 
6443 
6444 
6445 
6446 
6447 
6448 
6449 
6450 
6451 
6452 
6453 
6454 
6455 
6456 
6457 
6458 
6459 
6460 
6461 
6462 
6463 
6464 
6465 
6466 
6467 
6468 
6469 
6470 
6471 
6472 
6473 
6474 
6475 
6476 
6477 
6478 
6479 
6480 
6481 
6482 
6483 
6484 
6485 
6486 
6487 
6488 
6489 
6490 
6491 
6492 
6493 
6494 
6495 
6496 
6497 
6498 
6499 
6500 
6501 
6502 
6503 
6504 
6505 
6506 
6507 
6508 
6509 
6510 
6511 
6512 
6513 
6514 
6515 
6516 
6517 
6518 
6519 
6520 
6521 
6522 
6523 
6524 
6525 
6526 
6527 
6528 
6529 
6530 
6531 
6532 
6533 
6534 
6535 
6536 
6537 
6538 
6539 
6540 
6541 
6542 
6543 
6544 
6545 
6546 
6547 
6548 
6549 
6550 
6551 
6552 
6553 
6554 
6555 
6556 
6557 
6558 
6559 
6560 
6561 
6562 
6563 
6564 
6565 
6566 
6567 
6568 
6569 
6570 
6571 
6572 
6573 
6574 
6575 
6576 
6577 
6578 
6579 
6580 
6581 
6582 
6583 
6584 
6585 
6586 
6587 
6588 
6589 
6590 
6591 
6592 
6593 
6594 
6595 
6596 
6597 
6598 
6599 
6600 
6601 
6602 
6603 
6604 
6605 
6606 
6607 
6608 
6609 
6610 
6611 
6612 
6613 
6614 
6615 
6616 
6617 
6618 
6619 
6620 
6621 
6622 
6623 
6624 
6625 
6626 
6627 
6628 
6629 
6630 
6631 
6632 
6633 
6634 
6635 
6636 
6637 
6638 
6639 
6640 
6641 
6642 
6643 
6644 
6645 
6646 
6647 
6648 
6649 
6650 
6651 
6652 
6653 
6654 
6655 
6656 
6657 
6658 
6659 
6660 
6661 
6662 
6663 
6664 
6665 
6666 
6667 
6668 
6669 
6670 
6671 
6672 
6673 
6674 
6675 
6676 
6677 
6678 
6679 
6680 
6681 
6682 
6683 
6684 
6685 
6686 
6687 
6688 
6689 
6690 
6691 
6692 
6693 
6694 
6695 
6696 
6697 
6698 
6699 
6700 
6701 
6702 
6703 
6704 
6705 
6706 
6707 
6708 
6709 
6710 
6711 
6712 
6713 
6714 
6715 
6716 
6717 
6718 
6719 
6720 
6721 
6722 
6723 
6724 
6725 
6726 
6727 
6728 
6729 
6730 
6731 
6732 
6733 
6734 
6735 
6736 
6737 
6738 
6739 
6740 
6741 
6742 
6743 
6744 
6745 
6746 
6747 
6748 
6749 
6750 
6751 
6752 
6753 
6754 
6755 
6756 
6757 
6758 
6759 
6760 
6761 
6762 
6763 
6764 
6765 
6766 
6767 
6768 
6769 
6770 
6771 
6772 
6773 
6774 
6775 
6776 
6777 
6778 
6779 
6780 
6781 
6782 
6783 
6784 
6785 
6786 
6787 
6788 
6789 
6790 
6791 
6792 
6793 
6794 
6795 
6796 
6797 
6798 
6799 
6800 
6801 
6802 
6803 
6804 
6805 
6806 
6807 
6808 
6809 
6810 
6811 
6812 
6813 
6814 
6815 
6816 
6817 
6818 
6819 
6820 
6821 
6822 
6823 
6824 
6825 
6826 
6827 
6828 
6829 
6830 
6831 
6832 
6833 
6834 
6835 
6836 
6837 
6838 
6839 
6840 
6841 
6842 
6843 
6844 
6845 
6846 
6847 
6848 
6849 
6850 
6851 
6852 
6853 
6854 
6855 
6856 
6857 
6858 
6859 
6860 
6861 
6862 
6863 
6864 
6865 
6866 
6867 
6868 
6869 
6870 
6871 
6872 
6873 
6874 
6875 
6876 
6877 
6878 
6879 
6880 
6881 
6882 
6883 
6884 
6885 
6886 
6887 
6888 
6889 
6890 
6891 
6892 
6893 
6894 
6895 
6896 
6897 
6898 
6899 
6900 
6901 
6902 
6903 
6904 
6905 
6906 
6907 
6908 
6909 
6910 
6911 
6912 
6913 
6914 
6915 
6916 
6917 
6918 
6919 
6920 
6921 
6922 
6923 
6924 
6925 
6926 
6927 
6928 
6929 
6930 
6931 
6932 
6933 
6934 
6935 
6936 
6937 
6938 
6939 
6940 
6941 
6942 
6943 
6944 
6945 
6946 
6947 
6948 
6949 
6950 
6951 
6952 
6953 
6954 
6955 
6956 
6957 
6958 
6959 
6960 
6961 
6962 
6963 
6964 
6965 
6966 
6967 
6968 
6969 
6970 
6971 
6972 
6973 
6974 
6975 
6976 
6977 
6978 
6979 
6980 
6981 
6982 
6983 
6984 
6985 
6986 
6987 
6988 
6989 
6990 
6991 
6992 
6993 
6994 
6995 
6996 
6997 
6998 
6999 
7000 
7001 
7002 
7003 
7004 
7005 
7006 
7007 
7008 
7009 
7010 
7011 
7012 
7013 
7014 
7015 
7016 
7017 
7018 
7019 
7020 
7021 
7022 
7023 
7024 
7025 
7026 
7027 
7028 
7029 
7030 
7031 
7032 
7033 
7034 
7035 
7036 
7037 
7038 
7039 
7040 
7041 
7042 
7043 
7044 
7045 
7046 
7047 
7048 
7049 
7050 
7051 
7052 
7053 
7054 
7055 
7056 
7057 
7058 
7059 
7060 
7061 
7062 
7063 
7064 
7065 
7066 
7067 
7068 
7069 
7070 
7071 
7072 
7073 
7074 
7075 
7076 
7077 
7078 
7079 
7080 
7081 
7082 
7083 
7084 
7085 
7086 
7087 
7088 
7089 
7090 
7091 
7092 
7093 
7094 
7095 
7096 
7097 
7098 
7099 
7100 
7101 
7102 
7103 
7104 
7105 
7106 
7107 
7108 
7109 
7110 
7111 
7112 
7113 
7114 
7115 
7116 
7117 
7118 
7119 
7120 
7121 
7122 
7123 
7124 
7125 
7126 
7127 
7128 
7129 
7130 
7131 
7132 
7133 
7134 
7135 
7136 
7137 
7138 
7139 
7140 
7141 
7142 
7143 
7144 
7145 
7146 
7147 
7148 
7149 
7150 
7151 
7152 
7153 
7154 
7155 
7156 
7157 
7158 
7159 
7160 
7161 
7162 
7163 
7164 
7165 
7166 
7167 
7168 
7169 
7170 
7171 
7172 
7173 
7174 
7175 
7176 
7177 
7178 
7179 
7180 
7181 
7182 
7183 
7184 
7185 
7186 
7187 
7188 
7189 
7190 
7191 
7192 
7193 
7194 
7195 
7196 
7197 
7198 
7199 
7200 
7201 
7202 
7203 
7204 
7205 
7206 
7207 
7208 
7209 
7210 
7211 
7212 
7213 
7214 
7215 
7216 
7217 
7218 
7219 
7220 
7221 
7222 
7223 
7224 
7225 
7226 
7227 
7228 
7229 
7230 
7231 
7232 
7233 
7234 
7235 
7236 
7237 
7238 
7239 
7240 
7241 
7242 
7243 
7244 
7245 
7246 
7247 
7248 
7249 
7250 
7251 
7252 
7253 
7254 
7255 
7256 
7257 
7258 
7259 
7260 
7261 
7262 
7263 
7264 
7265 
7266 
7267 
7268 
7269 
7270 
7271 
7272 
7273 
7274 
7275 
7276 
7277 
7278 
7279 
7280 
7281 
7282 
7283 
7284 
7285 
7286 
7287 
7288 
7289 
7290 
7291 
7292 
7293 
7294 
7295 
7296 
7297 
7298 
7299 
7300 
7301 
7302 
7303 
7304 
7305 
7306 
7307 
7308 
7309 
7310 
7311 
7312 
7313 
7314 
7315 
7316 
7317 
7318 
7319 
7320 
7321 
7322 
7323 
7324 
7325 
7326 
7327 
7328 
7329 
7330 
7331 
7332 
7333 
7334 
7335 
7336 
7337 
7338 
7339 
7340 
7341 
7342 
7343 
7344 
7345 
7346 
7347 
7348 
7349 
7350 
7351 
7352 
7353 
7354 
7355 
7356 
7357 
7358 
7359 
7360 
7361 
7362 
7363 
7364 
7365 
7366 
7367 
7368 
7369 
7370 
7371 
7372 
7373 
7374 
7375 
7376 
7377 
7378 
7379 
7380 
7381 
7382 
7383 
7384 
7385 
7386 
7387 
7388 
7389 
7390 
7391 
7392 
7393 
7394 
7395 
7396 
7397 
7398 
7399 
7400 
7401 
7402 
7403 
7404 
7405 
7406 
7407 
7408 
7409 
7410 
7411 
7412 
7413 
7414 
7415 
7416 
7417 
7418 
7419 
7420 
7421 
7422 
7423 
7424 
7425 
7426 
7427 
7428 
7429 
7430 
7431 
7432 
7433 
7434 
7435 
7436 
7437 
7438 
7439 
7440 
7441 
7442 
7443 
7444 
7445 
7446 
7447 
7448 
7449 
7450 
7451 
7452 
7453 
7454 
7455 
7456 
7457 
7458 
7459 
7460 
7461 
7462 
7463 
7464 
7465 
7466 
7467 
7468 
7469 
7470 
7471 
7472 
7473 
7474 
7475 
7476 
7477 
7478 
7479 
7480 
7481 
7482 
7483 
7484 
7485 
7486 
7487 
7488 
7489 
7490 
7491 
7492 
7493 
7494 
7495 
7496 
7497 
7498 
7499 
7500 
7501 
7502 
7503 
7504 
7505 
7506 
7507 
7508 
7509 
7510 
7511 
7512 
7513 
7514 
7515 
7516 
7517 
7518 
7519 
7520 
7521 
7522 
7523 
7524 
7525 
7526 
7527 
7528 
7529 
7530 
7531 
7532 
7533 
7534 
7535 
7536 
7537 
7538 
7539 
7540 
7541 
7542 
7543 
7544 
7545 
7546 
7547 
7548 
7549 
7550 
7551 
7552 
7553 
7554 
7555 
7556 
7557 
7558 
7559 
7560 
7561 
7562 
7563 
7564 
7565 
7566 
7567 
7568 
7569 
7570 
7571 
7572 
7573 
7574 
7575 
7576 
7577 
7578 
7579 
7580 
7581 
7582 
7583 
7584 
7585 
7586 
7587 
7588 
7589 
7590 
7591 
7592 
7593 
7594 
7595 
7596 
7597 
7598 
7599 
7600 
7601 
7602 
7603 
7604 
7605 
7606 
7607 
7608 
7609 
7610 
7611 
7612 
7613 
7614 
7615 
7616 
7617 
7618 
7619 
7620 
7621 
7622 
7623 
7624 
7625 
7626 
7627 
7628 
7629 
7630 
7631 
7632 
7633 
7634 
7635 
7636 
7637 
7638 
7639 
7640 
7641 
7642 
7643 
7644 
7645 
7646 
7647 
7648 
7649 
7650 
7651 
7652 
7653 
7654 
7655 
7656 
7657 
7658 
7659 
7660 
7661 
7662 
7663 
7664 
7665 
7666 
7667 
7668 
7669 
7670 
7671 
7672 
7673 
7674 
7675 
7676 
7677 
7678 
7679 
7680 
7681 
7682 
7683 
7684 
7685 
7686 
7687 
7688 
7689 
7690 
7691 
7692 
7693 
7694 
7695 
7696 
7697 
7698 
7699 
7700 
7701 
7702 
7703 
7704 
7705 
7706 
7707 
7708 
7709 
7710 
7711 
7712 
7713 
7714 
7715 
7716 
7717 
7718 
7719 
7720 
7721 
7722 
7723 
7724 
7725 
7726 
7727 
7728 
7729 
7730 
7731 
7732 
7733 
7734 
7735 
7736 
7737 
7738 
7739 
7740 
7741 
7742 
7743 
7744 
7745 
7746 
7747 
7748 
7749 
7750 
7751 
7752 
7753 
7754 
7755 
7756 
7757 
7758 
7759 
7760 
7761 
7762 
7763 
7764 
7765 
7766 
7767 
7768 
7769 
7770 
7771 
7772 
7773 
7774 
7775 
7776 
7777 
7778 
7779 
7780 
7781 
7782 
7783 
7784 
7785 
7786 
7787 
7788 
7789 
7790 
7791 
7792 
7793 
7794 
7795 
7796 
7797 
7798 
7799 
7800 
7801 
7802 
7803 
7804 
7805 
7806 
7807 
7808 
7809 
7810 
7811 
7812 
7813 
7814 
7815 
7816 
7817 
7818 
7819 
7820 
7821 
7822 
7823 
7824 
7825 
7826 
7827 
7828 
7829 
7830 
7831 
7832 
7833 
7834 
7835 
7836 
7837 
7838 
7839 
7840 
7841 
7842 
7843 
7844 
7845 
7846 
7847 
7848 
7849 
7850 
7851 
7852 
7853 
7854 
7855 
7856 
7857 
7858 
7859 
7860 
7861 
7862 
7863 
7864 
7865 
7866 
7867 
7868 
7869 
7870 
7871 
7872 
7873 
7874 
7875 
7876 
7877 
7878 
7879 
7880 
7881 
7882 
7883 
7884 
7885 
7886 
7887 
7888 
7889 
7890 
7891 
7892 
7893 
7894 
7895 
7896 
7897 
7898 
7899 
7900 
7901 
7902 
7903 
7904 
7905 
7906 
7907 
7908 
7909 
7910 
7911 
7912 
7913 
7914 
7915 
7916 
7917 
7918 
7919 
7920 
7921 
7922 
7923 
7924 
7925 
7926 
7927 
7928 
7929 
7930 
7931 
7932 
7933 
7934 
7935 
7936 
7937 
7938 
7939 
7940 
7941 
7942 
7943 
7944 
7945 
7946 
7947 
7948 
7949 
7950 
7951 
7952 
7953 
7954 
7955 
7956 
7957 
7958 
7959 
7960 
7961 
7962 
7963 
7964 
7965 
7966 
7967 
7968 
7969 
7970 
7971 
7972 
7973 
7974 
7975 
7976 
7977 
7978 
7979 
7980 
7981 
7982 
7983 
7984 
7985 
7986 
7987 
7988 
7989 
7990 
7991 
7992 
7993 
7994 
7995 
7996 
7997 
7998 
7999 
8000 
8001 
8002 
8003 
8004 
8005 
8006 
8007 
8008 
8009 
8010 
8011 
8012 
8013 
8014 
8015 
8016 
8017 
8018 
8019 
8020 
8021 
8022 
8023 
8024 
8025 
8026 
8027 
8028 
8029 
8030 
8031 
8032 
8033 
8034 
8035 
8036 
8037 
8038 
8039 
8040 
8041 
8042 
8043 
8044 
8045 
8046 
8047 
8048 
8049 
8050 
8051 
8052 
8053 
8054 
8055 
8056 
8057 
8058 
8059 
8060 
8061 
8062 
8063 
8064 
8065 
8066 
8067 
8068 
8069 
8070 
8071 
8072 
8073 
8074 
8075 
8076 
8077 
8078 
8079 
8080 
8081 
8082 
8083 
8084 
8085 
8086 
8087 
8088 
8089 
8090 
8091 
8092 
8093 
8094 
8095 
8096 
8097 
8098 
8099 
8100 
8101 
8102 
8103 
8104 
8105 
8106 
8107 
8108 
8109 
8110 
8111 
8112 
8113 
8114 
8115 
8116 
8117 
8118 
8119 
8120 
8121 
8122 
8123 
8124 
8125 
8126 
8127 
8128 
8129 
8130 
8131 
8132 
8133 
8134 
8135 
8136 
8137 
8138 
8139 
8140 
8141 
8142 
8143 
8144 
8145 
8146 
8147 
8148 
8149 
8150 
8151 
8152 
8153 
8154 
8155 
8156 
8157 
8158 
8159 
8160 
8161 
8162 
8163 
8164 
8165 
8166 
8167 
8168 
8169 
8170 
8171 
8172 
8173 
8174 
8175 
8176 
8177 
8178 
8179 
8180 
8181 
8182 
8183 
8184 
8185 
8186 
8187 
8188 
8189 
8190 
8191 
8192 
8193 
8194 
8195 
8196 
8197 
8198 
8199 
8200 
8201 
8202 
8203 
8204 
8205 
8206 
8207 
8208 
8209 
8210 
8211 
8212 
8213 
8214 
8215 
8216 
8217 
8218 
8219 
8220 
8221 
8222 
8223 
8224 
8225 
8226 
8227 
8228 
8229 
8230 
8231 
8232 
8233 
8234 
8235 
8236 
8237 
8238 
8239 
8240 
8241 
8242 
8243 
8244 
8245 
8246 
8247 
8248 
8249 
8250 
8251 
8252 
8253 
8254 
8255 
8256 
8257 
8258 
8259 
8260 
8261 
8262 
8263 
8264 
8265 
8266 
8267 
8268 
8269 
8270 
8271 
8272 
8273 
8274 
8275 
8276 
8277 
8278 
8279 
8280 
8281 
8282 
8283 
8284 
8285 
8286 
8287 
8288 
8289 
8290 
8291 
8292 
8293 
8294 
8295 
8296 
8297 
8298 
8299 
8300 
8301 
8302 
8303 
8304 
8305 
8306 
8307 
8308 
8309 
8310 
8311 
8312 
8313 
8314 
8315 
8316 
8317 
8318 
8319 
8320 
8321 
8322 
8323 
8324 
8325 
8326 
8327 
8328 
8329 
8330 
8331 
8332 
8333 
8334 
8335 
8336 
8337 
8338 
8339 
8340 
8341 
8342 
8343 
8344 
8345 
8346 
8347 
8348 
8349 
8350 
8351 
8352 
8353 
8354 
8355 
8356 
8357 
8358 
8359 
8360 
8361 
8362 
8363 
8364 
8365 
8366 
8367 
8368 
8369 
8370 
8371 
8372 
8373 
8374 
8375 
8376 
8377 
8378 
8379 
8380 
8381 
8382 
8383 
8384 
8385 
8386 
8387 
8388 
8389 
8390 
8391 
8392 
8393 
8394 
8395 
8396 
8397 
8398 
8399 
8400 
8401 
8402 
8403 
8404 
8405 
8406 
8407 
8408 
8409 
8410 
8411 
8412 
8413 
8414 
8415 
8416 
8417 
8418 
8419 
8420 
8421 
8422 
8423 
8424 
8425 
8426 
8427 
8428 
8429 
8430 
8431 
8432 
8433 
8434 
8435 
8436 
8437 
8438 
8439 
8440 
8441 
8442 
8443 
8444 
8445 
8446 
8447 
8448 
8449 
8450 
8451 
8452 
8453 
8454 
8455 
8456 
8457 
8458 
8459 
8460 
8461 
8462 
8463 
8464 
8465 
8466 
8467 
8468 
8469 
8470 
8471 
8472 
8473 
8474 
8475 
8476 
8477 
8478 
8479 
8480 
8481 
8482 
8483 
8484 
8485 
8486 
8487 
8488 
8489 
8490 
8491 
8492 
8493 
8494 
8495 
8496 
8497 
8498 
8499 
8500 
8501 
8502 
8503 
8504 
8505 
8506 
8507 
8508 
8509 
8510 
8511 
8512 
8513 
8514 
8515 
8516 
8517 
8518 
8519 
8520 
8521 
8522 
8523 
8524 
8525 
8526 
8527 
8528 
8529 
8530 
8531 
8532 
8533 
8534 
8535 
8536 
8537 
8539 
8540 
8541 
8542 
8543 
8544 
8545 
8546 
8547 
8548 
8549 
8550 
8551 
8552 
8553 
8554 
8555 
8556 
8557 
8558 
8559 
8560 
8561 
8562 
8563 
8564 
8565 
8566 
8567 
8568 
8569 
8570 
8571 
8572 
8573 
8574 
8575 
8576 
8577 
8578 
8579 
8580 
8581 
8582 
8583 
8584 
8585 
8586 
8587 
8588 
8589 
8590 
8591 
8592 
8593 
8594 
8595 
8596 
8597 
8598 
8599 
8600 
8601 
8602 
8603 
8604 
8605 
8606 
8607 
8608 
8609 
8610 
8611 
8612 
8613 
8614 
8615 
8616 
8617 
8618 
8619 
8620 
8621 
8622 
8623 
8624 
8625 
8626 
8627 
8628 
8629 
8630 
8631 
8632 
8633 
8634 
8635 
8636 
8637 
8638 
8639 
8640 
8641 
8642 
8643 
8644 
8645 
8646 
8647 
8648 
8649 
8650 
8651 
8652 
8653 
8654 
8655 
8656 
8657 
8658 
8659 
8660 
8661 
8662 
8663 
8664 
8665 
8666 
8667 
8668 
8669 
8670 
8671 
8672 
8673 
8674 
8675 
8676 
8677 
8678 
8679 
8680 
8681 
8682 
8683 
8684 
8685 
8686 
8687 
8688 
8689 
8690 
8691 
8692 
8693 
8694 
8695 
8696 
8697 
8698 
8699 
8700 
8701 
8702 
8703 
8704 
8705 
8706 
8707 
8708 
8709 
8710 
8711 
8712 
8713 
8714 
8715 
8716 
8717 
8718 
8719 
8720 
8721 
8722 
8723 
8724 
8725 
8726 
8727 
8728 
8729 
8730 
8731 
8732 
8733 
8734 
8735 
8736 
8737 
8738 
8739 
8740 
8741 
8742 
8743 
8744 
25129 
8745 
25130 
8746 
25131 
8747 
25132 
8748 
25133 
8749 
25134 
8750 
25135 
8751 
25136 
8752 
25137 
8753 
25138 
8754 
25139 
8755 
25140 
8756 
25141 
8757 
25142 
8758 
25143 
8759 
25144 
8760 
25145 
8761 
25146 
8762 
25147 
8763 
25148 
8764 
25149 
8765 
25150 
8766 
8767 
25152 
8768 
25153 
8769 
25154 
8770 
25155 
8771 
25156 
8772 
25157 
8773 
25158 
8774 
25159 
8775 
25160 
8776 
8777 
8778 
8779 
8780 
8781 
8782 
8783 
8784 
8785 
8786 
8787 
8788 
8789 
8790 
8791 
8792 
8793 
8794 
8795 
8796 
8797 
8798 
25183 
8799 
25184 
8800 
25185 
8801 
25186 
8802 
25187 
8803 
25188 
8804 
25189 
8805 
25190 
8806 
25191 
8807 
25192 
8808 
25193 
8809 
25194 
8810 
25195 
8811 
25196 
8812 
25197 
8813 
8814 
8815 
8816 
8817 
8818 
8819 
8820 
8821 
8822 
8823 
8824 
8825 
8826 
8827 
8828 
8829 
8830 
8831 
8832 
8833 
8834 
8835 
8836 
8837 
8838 
8839 
8840 
8841 
8842 
8843 
8844 
8845 
8846 
8847 
8848 
8849 
8850 
8851 
8852 
8853 
8854 
8855 
8856 
8857 
8858 
8859 
8860 
8861 
8862 
8863 
8864 
8865 
8866 
8867 
8868 
8869 
8870 
8871 
8872 
8873 
8874 
8875 
8876 
8877 
8878 
8879 
8880 
8881 
8882 
8883 
8884 
8885 
8886 
8887 
8888 
8889 
8890 
8891 
8892 
8893 
8894 
8895 
8896 
8897 
8898 
8899 
8900 
8901 
8902 
8903 
8904 
8905 
8906 
8907 
8908 
8909 
8910 
8911 
8912 
8913 
8914 
8915 
8916 
8917 
8918 
8919 
8920 
8921 
8922 
8923 
8924 
8925 
8926 
8927 
8928 
8929 
8930 
8931 
8932 
8933 
8934 
8935 
8936 
8937 
8938 
8939 
8940 
8941 
8942 
8943 
25328 
8944 
25329 
8945 
8946 
8947 
8948 
8949 
8950 
8951 
8952 
8953 
8954 
8955 
8956 
8957 
8958 
8959 
8960 
8961 
8962 
8963 
8964 
8965 
8966 
8967 
8968 
8969 
8970 
25438 
25439 
25440 
25441 
25442 
25443 
25444 
74878 
74879 
74880 
74881 
74882 
74883 
74884 
74885 
74886 
9607 
9608 
9609 
9610 
9611 
9612 
9613 
9614 
9615 
9616 
9617 
9618 
9619 
9620 
9621 
9622 
9623 
9624 
9625 
9626 
9627 
9628 
9629 
9630 
9631 
9632 
9633 
9634 
9635 
9636 
9637 
9638 
9639 
9640 
9641 
10158 
10159 
10160 
10161 
10162 
10163 
10164 
10165 
10166 
10167 
10168 
10169 
10170 
10171 
10172 
10173 
10174 
10175 
10176 
10177 
10178 
10179 
10180 
10181 
10182 
10183 
10184 
10185 
10186 
10187 
10188 
10189 
10190 
10191 
10192 
10193 
10194 
10195 
10196 
10197 
10198 
10199 
10200 
10201 
10202 
10203 
10204 
10205 
10206 
10207 
10208 
10209 
10210 
10211 
10212 
10213 
10214 
10215 
10216 
10217 
10218 
10219 
10220 
75757 
10221 
75758 
10222 
75759 
10223 
75760 
10224 
75761 
10225 
75762 
10226 
75763 
10227 
75764 
10228 
75765 
10229 
75766 
10230 
75767 
10231 
75768 
10232 
75769 
10233 
75770 
10234 
75771 
10235 
75772 
10236 
75773 
10237 
75774 
10238 
75775 
10239 
75776 
10240 
75777 
10241 
75778 
10242 
75779 
10243 
75780 
10244 
75781 
10245 
75782 
10246 
75783 
10247 
75784 
10248 
75785 
10249 
75786 
10250 
75787 
10251 
75788 
10252 
75789 
10253 
75790 
10254 
75791 
10255 
75792 
10256 
75793 
10257 
75794 
10258 
75795 
10259 
75796 
10260 
75797 
10261 
75798 
10262 
75799 
10263 
75800 
10264 
75801 
10265 
75802 
10266 
75803 
10267 
75804 
10268 
75805 
10269 
75806 
10270 
75807 
10271 
75808 
10272 
75809 
10273 
75810 
10274 
75811 
10275 
75812 
10276 
75813 
10277 
10278 
75815 
10279 
75816 
10280 
75817 
10281 
75818 
10282 
75819 
10283 
75820 
10284 
75821 
10285 
75822 
10286 
75823 
10287 
75824 
10288 
75825 
10289 
75826 
10290 
75827 
10291 
75828 
10292 
75829 
10293 
75830 
10294 
75831 
10295 
75832 
10296 
75833 
10297 
75834 
10298 
75835 
10299 
75836 
10300 
75837 
10301 
75838 
75839 
75840 
10304 
75841 
75842 
75843 
75844 
10308 
75845 
10309 
75846 
10310 
75847 
10311 
75848 
10312 
75849 
10313 
75850 
10314 
75851 
10315 
75852 
10316 
75853 
10317 
75854 
10318 
75855 
10319 
75856 
10320 
75857 
10321 
75858 
10322 
75859 
10323 
75860 
10324 
75861 
10325 
75862 
10326 
75863 
10327 
75864 
10328 
75865 
10329 
75866 
10330 
75867 
10331 
75868 
10332 
75869 
10333 
75870 
10334 
75871 
10335 
75872 
10336 
75873 
10337 
75874 
10338 
75875 
10339 
75876 
10340 
75877 
10341 
75878 
10342 
75879 
10343 
75880 
10344 
75881 
10345 
75882 
10346 
75883 
10347 
75884 
10348 
75885 
10349 
75886 
10350 
75887 
10351 
75888 
10352 
75889 
10353 
75890 
10354 
75891 
10355 
75892 
10356 
75893 
10357 
75894 
10358 
75895 
10359 
75896 
10360 
75897 
10361 
75898 
10362 
75899 
10363 
75900 
10364 
75901 
10365 
75902 
10366 
75903 
10367 
75904 
10368 
75905 
10369 
75906 
10370 
75907 
10371 
75908 
10372 
75909 
10373 
75910 
10374 
75911 
10375 
75912 
10376 
75913 
10377 
75914 
10378 
75915 
10379 
75916 
10380 
75917 
10381 
75918 
10382 
75919 
10383 
75920 
10384 
75921 
10385 
75922 
10386 
75923 
10387 
75924 
10388 
75925 
10389 
75926 
10390 
75927 
10391 
75928 
10392 
75929 
10393 
75930 
10394 
75931 
10395 
75932 
10396 
75933 
10397 
75934 
10398 
75935 
10399 
75936 
10400 
75937 
10401 
75938 
10402 
75939 
10403 
75940 
10404 
75941 
10405 
75942 
10406 
75943 
10407 
75944 
10408 
75945 
10409 
75946 
10410 
75947 
10411 
75948 
10412 
75949 
10413 
75950 
10414 
75951 
10415 
75952 
10416 
75953 
10417 
75954 
10418 
75955 
10419 
75956 
10420 
75957 
10421 
75958 
10422 
75959 
10423 
75960 
10424 
75961 
10425 
75962 
10426 
75963 
10427 
75964 
10428 
75965 
10429 
75966 
10430 
75967 
10431 
75968 
10432 
75969 
10433 
75970 
10434 
75971 
10435 
75972 
10436 
75973 
10437 
75974 
10438 
75975 
10439 
75976 
10440 
75977 
10441 
75978 
10442 
75979 
10443 
75980 
10444 
75981 
10445 
75982 
10446 
75983 
10447 
75984 
10448 
75985 
10449 
75986 
10450 
75987 
10451 
75988 
75989 
75990 
75991 
75992 
75993 
75994 
75995 
75996 
75997 
75998 
75999 
76000 
76001 
76002 
76003 
76004 
76005 
76006 
76007 
76008 
76009 
76010 
76011 
76012 
76013 
76014 
76015 
76016 
76017 
76018 
76019 
76020 
76021 
76022 
76023 
76024 
76025 
76026 
76027 
76028 
76029 
76030 
76031 
76032 
76033 
76034 
76035 
76036 
76037 
76038 
76039 
76040 
76041 
76042 
76043 
76044 
76045 
76889 
76890 
76891 
76892 
76893 
76894 
76895 
76896 
76897 
76898 
76899 
76900 
76901 
76902 
76903 
76904 
76905 
76906 
76907 
76908 
76909 
76910 
76911 
76912 
76913 
76914 
76915 
76916 
76917 
14797 
14798 
14799 
14800 
14801 
14802 
14803 
14804 
14805 
14806 
14807 
14808 
14809 
14810 
14811 
14812 
14813 
14814 
14815 
14816 
14817 
14818 
14819 
14820 
14821 
14822 
14823 
14824 
14825 
14826 
14827 
14828 
14829 
14830 
14831 
14832 
14833 
14834 
14835 
14836 
14837 
14838 
14839 
14840 
14841 
14842 
14843 
14844 
14845 
14846 
14847 
14848 
14849 
14850 
14851 
14852 
14853 
14854 
14855 
14856 
14857 
14858 
14859 
14860 
14861 
14862 
14863 
14864 
14865 
14866 
14867 
14868 
14869 
14870 
14871 
14872 
14873 
14874 
14875 
14876 
14877 
14878 
14879 
14880 
14881 
14882 
14883 
14884 
14885 
14886 
14887 
14888 
14889 
14890 
14891 
14892 
14893 
14894 
14895 
14896 
14897 
14898 
14899 
14900 
14901 
14902 
14903 
14904 
14905 
14906 
14907 
14908 
14909 
14910 
14911 
14912 
14913 
14914 
14915 
14916 
14917 
14918 
14919 
14920 
14921 
14922 
14923 
14924 
14925 
14926 
14927 
14928 
14929 
14930 
14931 
14932 
14933 
14934 
14935 
14936 
14937 
14938 
14939 
14940 
14941 
14942 
14943 
14944 
14945 
14946 
14947 
14948 
14949 
14950 
14951 
14952 
14953 
14954 
14955 
14956 
14957 
14958 
14959 
14960 
14961 
14962 
14963 
14964 
14965 
14966 
14967 
14968 
14969 
14970 
14971 
14972 
14973 
14974 
14975 
14976 
14977 
14978 
14979 
14980 
14981 
14982 
14983 
14984 
14985 
14986 
14987 
14988 
14989 
14990 
14991 
14992 
14993 
14994 
14995 
14996 
14997 
14998 
14999 
15000 
15001 
15002 
15003 
15004 
15005 
15006 
15007 
15008 
15009 
15010 
15011 
15012 
15013 
15014 
15015 
15016 
15017 
15018 
15019 
15020 
15021 
15022 
15023 
15024 
15025 
15026 
15027 
15028 
15029 
15030 
15031 
15032 
15033 
15034 
15035 
15036 
15037 
15038 
15039 
15040 
15041 
15042 
15043 
15044 
15045 
15046 
15047 
15048 
15049 
15050 
15051 
15052 
15053 
15054 
15055 
15056 
15057 
15058 
15059 
15060 
15061 
15062 
15063 
15064 
15065 
15066 
15067 
15068 
15069 
15070 
15071 
15072 
15073 
15074 
15075 
15076 
15077 
15078 
15079 
15080 
15081 
15082 
15083 
15084 
15085 
15086 
15087 
15088 
15089 
15090 
15091 
15092 
15093 
15094 
15095 
15096 
15097 
15098 
15099 
15100 
15101 
15102 
15103 
15104 
15105 
15106 
15107 
15108 
15109 
15110 
15111 
15112 
15113 
15114 
15115 
15116 
15117 
15118 
15119 
15120 
15121 
15122 
15123 
15124 
15125 
15126 
15127 
15128 
15129 
15130 
15131 
15132 
15133 
15134 
15135 
15136 
15137 
15138 
15139 
15140 
15141 
15142 
15143 
15144 
15145 
15146 
15147 
15148 
15149 
15150 
15151 
15152 
15153 
15154 
15155 
15156 
15157 
15158 
15159 
15160 
15161 
15162 
15163 
15164 
15165 
15166 
15167 
15168 
15169 
15170 
15171 
15172 
15173 
15174 
15175 
15176 
15177 
15178 
15179 
15180 
15181 
15182 
15183 
15184 
15185 
15186 
15187 
15188 
15189 
15190 
15191 
15192 
15193 
15194 
15195 
15196 
15197 
15198 
15199 
15200 
15201 
15202 
15203 
15204 
15205 
15206 
15207 
15208 
15209 
15210 
15211 
15212 
15213 
15214 
15215 
15216 
15217 
15218 
15219 
15220 
15221 
15222 
15223 
15224 
15225 
15226 
15227 
15228 
15229 
15230 
15231 
15232 
15233 
15234 
15235 
15236 
15237 
15238 
15239 
15240 
15241 
80778 
15242 
80779 
15243 
80780 
15244 
80781 
15245 
80782 
15246 
80783 
15247 
80784 
15248 
80785 
15249 
80786 
15250 
80787 
15251 
80788 
15252 
80789 
15253 
80790 
15254 
80791 
15255 
80792 
15256 
80793 
15257 
80794 
15258 
80795 
15259 
80796 
15260 
80797 
15261 
80798 
15262 
15263 
15264 
15265 
15266 
15267 
15268 
15269 
15270 
15271 
15272 
15273 
15274 
15275 
15276 
15277 
15278 
15279 
15280 
15281 
15282 
15283 
15284 
15285 
15286 
15287 
15288 
15289 
15290 
15291 
15292 
15293 
15294 
15295 
15296 
15297 
15298 
15299 
15300 
15301 
15302 
80839 
15303 
80840 
15304 
80841 
15305 
80842 
15306 
80843 
15307 
80844 
15308 
80845 
15309 
80846 
15310 
80847 
15311 
15312 
15313 
15314 
15315 
15316 
15317 
15318 
15319 
15320 
15321 
15322 
15323 
15324 
15325 
15326 
15327 
15328 
15329 
15330 
15331 
15332 
15333 
15334 
15335 
15336 
15337 
15338 
15339 
15340 
15341 
15342 
15343 
15344 
15345 
15346 
15347 
15348 
15349 
15350 
15351 
15352 
15353 
15354 
15355 
15356 
15357 
15358 
15359 
15360 
15361 
15362 
15363 
15364 
15365 
15366 
15367 
15368 
15369 
15370 
15371 
15372 
15373 
15374 
15375 
15376 
15377 
15378 
15379 
15380 
15381 
15382 
15383 
15384 
15385 
15386 
15387 
15388 
15389 
15390 
15391 
15392 
15393 
15394 
15395 
15396 
15397 
15398 
80935 
15399 
80936 
15400 
80937 
15401 
80938 
15402 
80939 
15403 
80940 
15404 
15405 
15406 
15407 
15408 
15409 
80946 
15410 
15411 
80948 
15412 
80949 
15413 
80950 
15414 
15415 
15416 
80953 
15417 
80954 
15418 
80955 
15419 
15420 
15421 
15422 
15423 
15424 
15425 
15426 
15427 
15428 
15429 
15430 
15431 
15432 
15433 
15434 
15435 
80972 
15436 
80973 
15437 
80974 
15438 
80975 
15439 
80976 
15440 
80977 
15441 
80978 
15442 
80979 
15443 
80980 
15444 
80981 
15445 
80982 
15446 
80983 
15447 
80984 
15448 
80985 
15449 
80986 
15450 
80987 
15451 
80988 
15452 
80989 
15453 
80990 
15454 
80991 
15455 
80992 
15456 
15457 
15458 
15459 
15460 
15461 
15462 
80999 
15463 
81000 
15464 
81001 
15465 
81002 
15466 
81003 
15467 
81004 
15468 
81005 
15469 
81006 
15470 
81007 
15471 
81008 
15472 
81009 
15473 
81010 
15474 
81011 
15475 
81012 
15476 
81013 
15477 
81014 
15478 
81015 
15479 
81016 
15480 
81017 
15481 
81018 
15482 
81019 
15483 
81020 
15484 
81021 
15485 
15486 
81023 
15487 
81024 
15488 
15489 
81026 
15490 
15491 
15492 
15493 
15494 
15495 
15496 
15497 
15498 
15499 
15500 
15501 
15502 
15503 
15504 
15505 
15506 
15507 
15508 
15509 
15510 
15511 
15512 
15513 
15514 
15515 
15516 
15517 
15518 
15519 
15520 
15521 
15522 
15523 
15524 
15525 
15526 
15527 
15528 
15529 
15530 
15531 
15532 
15533 
15534 
15535 
15536 
15537 
15538 
15539 
15540 
15541 
15542 
15543 
15544 
15545 
15546 
15547 
15548 
15549 
15550 
15551 
15552 
15553 
15554 
15555 
15556 
15557 
15558 
15559 
15560 
15561 
15562 
15563 
15564 
15565 
15566 
15567 
15568 
15569 
15570 
15571 
15572 
15573 
15574 
15575 
15576 
15577 
15578 
15579 
15580 
15581 
15582 
15583 
15584 
15585 
15586 
15587 
15588 
15589 
15590 
15591 
15592 
15593 
15594 
15595 
15596 
15597 
15598 
15599 
15600 
15601 
15602 
15603 
15604 
15605 
15606 
15607 
15608 
15609 
15610 
15611 
15612 
15613 
15614 
15615 
15616 
15617 
15618 
15619 
15620 
15621 
15622 
15623 
15624 
15625 
15626 
15627 
15628 
15629 
15630 
15631 
15632 
15633 
15634 
15635 
15636 
15637 
15638 
15639 
15640 
15641 
15642 
15643 
15644 
15645 
15646 
15647 
15648 
15649 
15650 
15651 
15652 
15653 
15654 
15655 
15656 
15657 
15658 
15659 
15660 
15661 
15662 
15663 
15664 
15665 
15666 
15667 
15668 
15669 
15670 
15671 
15672 
15673 
15674 
15675 
15676 
15677 
15678 
15679 
15680 
15681 
15682 
15683 
15684 
15685 
15686 
15687 
15688 
15689 
15690 
15691 
15692 
15693 
15694 
15695 
15696 
15697 
15698 
15699 
15700 
15701 
15702 
15703 
15704 
15705 
15706 
15707 
15708 
15709 
15710 
15711 
15712 
15713 
15714 
15715 
15716 
15717 
15718 
15719 
15720 
15721 
15722 
15723 
15724 
15725 
15726 
15727 
15728 
15729 
15730 
15731 
15732 
15733 
15734 
15735 
15736 
15737 
15738 
15739 
15742 
15743 
15744 
15745 
15746 
15747 
15748 
15749 
15750 
15751 
15752 
15753 
15754 
15755 
15756 
15757 
15758 
15759 
15760 
15761 
15762 
15763 
15764 
15765 
15766 
15767 
15768 
15769 
15770 
15771 
15772 
15773 
15774 
15775 
15776 
15777 
15778 
15779 
15780 
15781 
15782 
15783 
15784 
15785 
15786 
15787 
15788 
15789 
15790 
15791 
15792 
15793 
15794 
15795 
15796 
15797 
15798 
15799 
15800 
15801 
15802 
15803 
15804 
15805 
15806 
15807 
15808 
15809 
15810 
15811 
15812 
15813 
15814 
15815 
15816 
15817 
15818 
15819 
15820 
15821 
15822 
15823 
15824 
15825 
15826 
15827 
15828 
15829 
15830 
15831 
15832 
15833 
15834 
15835 
15836 
15837 
15838 
15839 
15840 
15841 
15842 
15843 
15844 
15845 
15846 
15847 
15848 
15849 
15850 
15851 
15852 
15853 
15854 
15855 
15856 
15857 
15858 
15859 
15860 
15861 
15862 
15863 
15864 
15865 
15866 
15867 
15868 
15869 
15870 
15871 
15872 
15873 
15874 
15875 
15876 
15877 
15878 
15879 
15880 
15881 
15882 
15883 
15884 
15885 
15886 
15887 
15888 
15889 
15890 
15891 
15892 
15893 
15894 
15895 
15896 
15897 
15898 
15899 
15900 
15901 
15902 
15903 
15904 
15905 
15906 
15907 
15908 
15909 
15910 
15911 
15912 
15913 
15914 
15915 
15916 
15917 
15918 
15919 
15920 
15921 
15922 
15923 
15924 
15925 
15926 
15927 
15928 
15929 
15930 
15931 
15932 
15933 
15934 
15935 
15936 
15937 
15938 
15939 
15940 
15941 
15942 
15943 
15944 
15945 
15946 
15947 
15948 
15949 
15950 
15951 
15952 
15953 
15954 
15955 
15956 
15957 
15958 
15959 
15960 
15961 
15962 
15963 
15964 
15965 
15966 
15967 
15968 
15969 
15970 
15971 
15972 
15973 
15974 
15975 
15976 
15977 
15978 
15979 
15980 
15981 
15982 
15983 
15984 
15985 
15986 
15987 
15988 
15989 
15990 
15991 
15992 
15993 
15994 
15995 
15996 
15997 
15998 
15999 
16000 
16001 
16002 
16003 
16004 
16005 
16006 
16007 
16008 
16009 
16010 
16011 
16012 
16013 
16014 
16015 
16016 
16017 
16018 
16019 
16020 
16021 
16022 
16023 
16024 
16025 
16026 
16027 
16028 
16029 
16030 
16031 
16032 
16033 
16034 
16035 
16036 
16037 
16038 
16039 
16040 
16041 
16042 
16043 
16044 
16045 
16046 
16047 
16048 
16049 
16050 
16051 
16052 
16053 
16054 
16055 
16056 
16057 
16058 
16059 
16060 
16061 
16062 
16063 
16064 
16065 
16066 
16067 
16068 
16069 
16070 
16071 
16072 
16073 
16074 
16075 
16076 
16077 
16078 
16079 
16080 
16081 
16082 
16083 
16084 
16085 
16086 
16087 
16088 
16089 
16090 
16091 
16092 
16093 
16094 
16095 
16096 
16097 
16098 
16099 
16100 
16101 
16102 
16103 
16104 
16105 
16106 
16107 
16108 
16109 
16110 
16111 
16112 
16113 
16114 
16115 
16116 
16117 
16118 
16119 
16120 
16121 
16122 
16123 
16124 
16125 
16126 
16127 
16128 
16129 
16130 
16131 
16132 
16133 
16134 
16135 
16136 
16137 
16138 
16139 
16140 
16141 
16142 
16143 
16144 
16145 
16146 
16147 
16148 
16149 
16150 
16151 
16152 
16153 
16154 
16155 
16156 
16157 
16158 
16159 
16160 
16161 
16162 
16163 
16164 
16165 
16166 
16167 
16168 
32553 
16169 
32554 
16170 
32555 
16171 
32556 
16172 
32557 
16173 
32558 
16174 
32559 
16175 
32560 
16176 
32561 
16177 
32562 
16178 
32563 
16179 
32564 
16180 
32565 
16181 
32566 
16182 
32567 
16183 
32568 
16184 
32569 
16185 
32570 
16186 
32571 
16187 
32572 
16188 
32573 
16189 
32574 
16190 
32575 
16191 
32576 
16192 
32577 
16193 
32578 
16194 
32579 
16195 
32580 
16196 
32581 
16197 
32582 
16198 
32583 
16199 
32584 
16200 
32585 
16201 
32586 
16202 
32587 
16203 
32588 
16204 
32589 
16205 
32590 
16206 
32591 
16207 
32592 
16208 
32593 
16209 
32594 
16210 
32595 
16211 
32596 
16212 
32597 
16213 
32598 
16214 
32599 
16215 
32600 
16216 
32601 
16217 
32602 
16218 
32603 
16219 
32604 
16220 
32605 
16221 
32606 
16222 
32607 
16223 
32608 
16224 
32609 
16225 
32610 
16226 
32611 
16227 
32612 
16228 
32613 
16229 
32614 
16230 
32615 
16231 
32616 
16232 
32617 
16233 
32618 
16234 
32619 
16235 
32620 
16236 
32621 
16237 
32622 
16238 
32623 
16239 
32624 
16240 
32625 
16241 
32626 
16242 
32627 
16243 
32628 
16244 
32629 
16245 
32630 
16246 
32631 
16247 
32632 
16248 
32633 
32634 
32635 
32636 
32637 
32638 
32639 
32640 
32641 
32642 
32643 
32644 
32645 
32646 
32647 
32648 
32649 
32650 
32651 
32652 
32653 
32654 
32655 
32656 
32657 
32658 
32659 
32660 
32661 
32662 
32663 
32664 
32665 
32666 
32667 
32668 
32669 
32670 
32671 
32672 
32673 
32674 
32675 
32676 
32677 
32678 
32679 
32680 
32681 
32682 
32683 
32684 
32685 
32686 
32687 
32688 
32689 
32690 
32691 
32692 
32693 
32694 
32695 
32696 
32697 
32698 
32699 
32700 
32701 
32702 
32703 
32704 
32705 
32706 
32707 
32708 
32709 
32710 
32711 
32712 
32713 
32714 
32715 
32716 
32717 
32718 
32719 
32720 
32721 
32722 
32723 
32724 
32725 
32726 
32727 
32728 
32729 
32730 
32731 
32732 
32733 
32734 
32735 
32736 
32737 
32738 
32739 
32740 
32741 
32742 
32743 
32744 
32745 
32746 
32747 
32748 
32749 
32750 
32751 
32752 
32753 
32754 
32755 
32756 
32757 
32758 
32759 
32760 
32761 
32762 
32763 
32764 
32765 
32766 
32767 
)

// ************************************************************************* //
