/*--------------------------------*- C++ -*----------------------------------*\
  =========                 |
  \\      /  F ield         | OpenFOAM: The Open Source CFD Toolbox
   \\    /   O peration     | Website:  https://openfoam.org
    \\  /    A nd           | Version:  12
     \\/     M anipulation  |
\*---------------------------------------------------------------------------*/
/*   Windows 32 and 64 bit porting by blueCAPE: http://www.bluecape.com.pt   *\
|  Based on Windows porting (2.0.x v4) by Symscape: http://www.symscape.com   |
\*---------------------------------------------------------------------------*/
FoamFile
{
    format      ascii;
    class       cellSet;
    location    "constant/polyMesh/sets";
    object      meshProtectedCells;
}
// * * * * * * * * * * * * * * * * * * * * * * * * * * * * * * * * * * * * * //


1865
(
0 
1 
8194 
2 
3 
4 
5 
6 
7 
9 
10 
11 
4108 
12 
8205 
13 
4109 
15 
16 
19 
20 
21 
22 
23 
8217 
25 
26 
29 
30 
4128 
4129 
34 
35 
8228 
36 
37 
38 
40 
41 
44 
45 
8238 
49 
50 
4148 
4149 
8247 
55 
56 
57 
58 
59 
61 
62 
8255 
65 
66 
8262 
70 
8263 
71 
4168 
8264 
8265 
4169 
8266 
8267 
76 
8268 
8269 
77 
8270 
8271 
8272 
8273 
8274 
83 
8275 
8276 
84 
8277 
85 
8278 
86 
8279 
87 
8280 
89 
8281 
90 
4188 
93 
4189 
94 
98 
99 
104 
105 
8299 
111 
4208 
112 
4209 
119 
120 
121 
122 
123 
8317 
125 
126 
129 
130 
4228 
4229 
134 
135 
140 
141 
8334 
147 
148 
4248 
4249 
155 
156 
8350 
164 
165 
166 
167 
168 
170 
171 
4268 
8365 
4269 
174 
175 
179 
180 
185 
186 
8381 
4288 
192 
193 
200 
201 
8396 
209 
4307 
4308 
4309 
4310 
4311 
4312 
4313 
8410 
218 
4314 
4315 
219 
4316 
220 
4317 
221 
4318 
222 
4319 
224 
4320 
4321 
225 
4322 
4323 
228 
4324 
229 
4325 
4326 
4327 
8423 
4328 
233 
4329 
4330 
234 
4331 
4333 
4334 
4335 
239 
4336 
240 
4337 
4338 
8435 
246 
4343 
247 
8446 
254 
4350 
255 
4351 
4353 
4355 
4356 
4359 
263 
8456 
264 
4368 
273 
4369 
8467 
282 
283 
284 
8477 
285 
286 
4383 
288 
4384 
289 
292 
293 
8486 
297 
298 
8494 
303 
4399 
304 
4400 
8501 
310 
311 
8507 
8508 
8509 
318 
8510 
8511 
319 
4416 
8512 
8513 
4417 
8514 
8515 
8516 
8517 
8518 
327 
8519 
8520 
328 
8521 
8522 
8523 
8524 
8525 
337 
4434 
338 
4435 
348 
8543 
357 
4453 
4454 
358 
359 
360 
361 
363 
364 
367 
8560 
368 
372 
373 
4473 
378 
4474 
379 
8576 
385 
386 
393 
394 
4493 
4494 
8591 
402 
403 
412 
8605 
413 
4513 
4514 
423 
424 
8620 
435 
4533 
4534 
8634 
444 
445 
446 
447 
448 
450 
451 
454 
8647 
455 
4553 
4554 
459 
460 
465 
466 
8659 
472 
473 
4573 
8670 
4574 
480 
481 
8680 
489 
490 
8689 
4593 
4594 
499 
500 
8699 
510 
511 
8708 
4613 
4614 
522 
523 
8716 
8723 
535 
8729 
4633 
8734 
8735 
544 
8736 
8737 
545 
8738 
546 
8739 
547 
8740 
548 
8741 
550 
8742 
8743 
551 
8744 
8745 
554 
8746 
8747 
555 
4652 
8748 
8749 
8750 
559 
8751 
8752 
560 
565 
566 
572 
8765 
573 
4670 
4671 
4672 
4673 
4674 
4675 
580 
4676 
4677 
581 
4678 
4679 
4680 
4681 
4682 
4683 
4684 
589 
4685 
4686 
590 
4687 
4688 
8785 
4689 
4691 
4692 
4693 
4694 
599 
4695 
600 
4697 
4698 
4699 
4700 
4701 
4702 
4703 
8800 
4704 
4705 
4706 
610 
4707 
611 
4708 
8814 
622 
623 
4720 
4721 
4724 
4725 
4727 
4728 
4731 
8827 
635 
636 
4740 
4741 
8841 
649 
658 
659 
4756 
660 
661 
4757 
8854 
662 
664 
665 
668 
669 
673 
8866 
674 
4773 
4774 
679 
680 
8877 
686 
687 
694 
8887 
4791 
695 
4792 
703 
8896 
704 
8904 
713 
4810 
714 
4811 
8913 
724 
725 
8921 
4830 
4831 
8928 
736 
737 
8934 
8939 
749 
750 
8943 
8944 
8945 
8946 
4850 
8947 
4851 
8948 
8949 
8950 
8951 
8952 
8953 
8954 
763 
8955 
8956 
764 
8957 
8958 
8959 
8960 
4870 
4871 
778 
8973 
787 
788 
789 
790 
791 
793 
4890 
794 
4891 
797 
798 
8991 
802 
803 
808 
809 
9005 
4910 
815 
4911 
816 
823 
824 
9018 
832 
833 
4930 
4931 
9030 
842 
843 
9043 
853 
4950 
854 
4951 
9055 
865 
866 
9066 
4970 
4971 
878 
879 
9076 
892 
9085 
893 
4990 
9093 
907 
9100 
908 
5009 
9108 
9115 
923 
9121 
5027 
932 
933 
9126 
934 
935 
936 
9130 
938 
939 
9133 
942 
9134 
9135 
943 
9136 
9137 
9138 
947 
9139 
5044 
9140 
948 
9141 
5045 
5046 
9142 
5047 
9143 
5048 
9144 
953 
5049 
9145 
5050 
9146 
954 
5051 
9147 
5052 
9148 
9149 
5053 
5054 
5055 
960 
5056 
5057 
961 
5058 
5059 
5060 
5061 
5062 
5063 
968 
969 
9162 
5066 
5067 
5068 
5069 
5070 
5071 
5072 
5073 
977 
978 
9178 
987 
988 
5085 
5086 
5090 
5092 
998 
9191 
999 
5103 
5104 
1010 
9203 
1011 
9214 
1023 
5120 
1024 
5121 
9226 
1037 
1038 
5138 
5139 
9237 
1052 
1053 
9247 
5157 
5158 
9256 
1068 
1069 
9264 
9271 
5177 
5178 
9277 
1085 
9284 
1094 
1095 
1096 
1097 
9290 
1098 
1100 
5197 
1101 
5198 
9295 
1104 
1105 
9299 
1109 
9302 
1110 
9304 
9305 
9306 
1115 
9307 
9308 
1116 
9309 
9310 
9311 
9312 
5217 
9313 
1122 
9314 
5218 
9315 
1123 
9316 
9317 
9318 
9319 
1130 
1131 
1139 
9332 
1140 
5237 
5238 
1149 
1150 
9346 
1160 
5257 
1161 
5258 
9358 
1172 
1173 
9369 
5277 
5278 
1185 
1186 
9379 
9390 
1199 
1200 
5297 
5298 
9400 
1214 
1215 
9409 
5317 
5318 
9417 
1230 
1231 
9424 
9430 
5337 
9435 
1247 
1248 
9441 
9446 
9450 
5356 
9453 
9455 
9456 
1265 
9457 
9458 
9459 
9460 
9461 
9462 
9463 
9464 
9465 
1274 
9466 
9467 
1275 
9468 
1276 
9469 
1277 
5374 
9470 
1278 
1280 
1281 
1284 
1285 
1289 
1290 
9483 
5391 
1295 
1296 
1302 
9495 
1303 
1310 
5407 
1311 
5408 
5409 
9506 
5410 
5411 
5412 
5413 
5414 
1319 
5415 
5416 
1320 
5417 
5418 
5419 
9516 
5420 
5421 
5422 
5423 
5424 
1329 
5425 
1330 
9525 
5429 
1340 
1341 
9535 
5441 
5442 
9544 
1352 
1353 
9552 
5458 
5459 
1365 
1366 
9559 
9565 
9570 
1379 
5476 
1380 
5477 
9574 
9579 
9583 
9586 
1394 
1395 
9588 
9589 
9590 
5495 
9591 
9592 
5496 
9593 
9594 
9595 
9596 
9597 
9598 
9599 
9600 
9601 
1410 
9602 
1411 
5515 
5516 
9614 
1427 
1428 
9625 
5535 
5536 
9635 
1445 
1446 
9644 
5555 
9652 
5556 
1464 
9661 
1473 
1474 
1475 
1476 
9669 
1478 
5575 
1479 
5576 
1482 
1483 
9676 
1487 
1488 
9682 
1493 
1494 
9687 
9691 
5595 
1500 
5596 
1501 
9694 
9698 
1508 
9701 
1509 
9703 
9704 
9705 
9706 
9707 
9708 
1517 
9709 
9710 
1518 
5615 
9711 
9712 
5616 
9713 
9714 
9715 
9716 
1527 
1528 
9727 
1538 
5635 
1539 
9737 
1550 
1551 
9746 
5654 
5655 
9754 
1563 
1564 
9761 
9769 
1577 
5674 
1578 
9776 
9782 
1592 
1593 
9787 
5693 
9791 
9794 
9796 
9799 
1608 
9801 
1609 
9802 
9803 
9804 
9805 
9806 
5711 
9807 
9808 
9809 
9810 
9811 
9812 
9813 
1625 
1626 
9823 
5728 
9832 
1643 
1644 
9840 
5744 
9847 
9853 
1662 
5759 
1663 
5760 
5761 
5762 
5763 
9860 
5764 
5765 
5766 
5767 
5768 
5769 
9866 
5770 
5771 
5772 
5773 
5774 
9871 
5775 
5776 
1682 
9875 
9878 
9880 
9881 
1690 
9883 
1691 
9884 
1692 
9885 
1693 
9886 
1694 
9887 
5792 
9888 
1697 
9889 
5793 
9890 
1698 
9891 
9892 
9893 
1702 
9894 
1703 
1708 
1709 
9903 
5810 
1715 
5811 
1716 
9911 
1723 
1724 
9918 
9924 
1732 
5829 
1733 
5830 
9929 
1742 
9935 
1743 
9940 
9944 
1753 
5849 
1754 
5850 
9947 
9949 
9950 
9951 
9952 
9953 
9954 
9955 
9956 
1765 
9957 
9958 
1766 
9959 
9960 
5869 
5870 
9968 
1778 
1779 
9975 
9981 
1792 
5889 
1793 
9986 
5890 
9990 
9995 
9999 
1807 
1808 
10002 
10004 
10005 
5909 
10006 
5910 
10007 
10008 
10009 
10010 
10011 
10012 
10013 
1823 
1824 
10020 
5929 
10026 
5930 
10031 
1840 
1841 
10035 
10038 
10042 
10045 
5949 
5950 
10047 
10048 
10049 
1858 
10050 
10051 
1859 
10052 
10053 
10054 
10055 
10061 
5969 
10066 
1877 
10070 
1878 
10073 
10075 
10078 
10080 
10081 
10082 
10083 
5988 
10084 
10085 
10086 
10087 
1897 
1898 
10092 
10096 
10099 
10101 
10102 
6006 
10104 
10105 
10106 
10107 
10108 
10109 
1917 
10110 
10114 
1924 
10117 
1925 
1926 
10119 
1927 
10120 
1928 
10121 
6025 
1929 
10122 
10123 
10124 
1933 
10125 
1934 
10128 
10130 
10131 
1939 
10132 
1940 
10133 
10134 
10135 
10137 
1946 
10138 
6043 
10139 
1947 
10140 
10141 
1954 
1955 
1963 
6060 
1964 
1973 
1974 
6076 
1984 
1985 
6091 
1996 
1997 
6105 
2009 
6106 
2010 
6107 
6108 
6109 
6110 
6111 
6112 
6113 
6114 
6115 
6116 
6117 
6118 
2023 
6119 
6120 
2024 
6121 
6122 
6123 
2038 
2039 
6140 
6141 
2054 
2055 
6159 
6160 
2071 
2072 
6179 
6180 
2089 
2090 
6199 
6200 
2108 
2109 
6219 
6220 
2128 
2129 
6239 
6240 
2148 
2149 
6259 
6260 
2168 
2174 
2175 
2176 
2177 
2178 
2179 
2180 
6279 
6280 
2185 
2186 
2192 
2193 
2200 
2201 
6299 
2209 
2210 
2219 
2220 
6318 
2230 
2231 
6336 
2242 
2243 
2255 
2256 
6353 
2269 
2270 
6371 
2284 
2285 
6388 
2300 
2301 
6404 
2317 
2318 
6419 
2335 
2336 
6433 
6446 
6447 
6448 
6449 
2354 
6450 
6451 
2355 
6452 
6453 
6454 
6455 
6456 
6457 
6458 
6459 
6460 
6461 
6462 
6463 
6464 
6465 
2374 
2375 
6483 
6484 
2394 
2395 
6503 
6504 
2414 
2415 
6523 
6524 
2434 
2439 
2440 
2441 
2442 
2443 
2444 
2445 
2446 
6543 
6544 
2452 
2453 
2460 
2461 
6563 
6564 
2469 
2470 
2479 
2480 
6583 
6584 
2490 
2491 
2502 
2503 
6603 
6604 
2515 
2516 
6623 
2529 
2530 
2544 
2545 
6642 
2560 
2561 
6660 
2577 
2578 
6677 
2595 
2596 
6693 
6710 
2614 
2615 
6726 
2634 
2635 
6741 
2654 
2655 
6755 
6768 
2674 
2675 
6780 
6781 
6782 
6783 
6784 
6785 
6786 
6787 
6788 
6789 
2694 
6790 
6791 
2695 
6792 
6793 
6794 
6795 
6796 
6797 
6798 
6799 
6800 
2714 
2718 
2719 
2720 
2721 
2722 
2723 
6819 
2724 
6820 
2725 
2726 
2733 
2734 
2742 
6839 
2743 
6840 
2752 
2753 
6859 
2763 
2764 
6860 
2775 
2776 
6879 
6880 
2788 
2789 
2802 
6899 
2803 
6900 
2817 
2818 
6919 
6920 
2833 
2834 
6939 
2850 
2851 
6958 
2868 
2869 
6976 
2887 
2888 
6993 
2907 
2908 
7009 
2927 
7024 
2928 
7040 
2947 
2948 
7055 
2967 
2968 
7069 
7082 
2987 
2988 
7094 
3007 
7105 
3010 
7106 
7107 
3011 
3012 
7108 
3013 
7109 
3014 
7110 
3015 
7111 
7112 
3016 
7113 
3017 
7114 
3018 
7115 
3019 
7116 
7117 
7118 
7119 
7120 
7121 
7122 
3027 
7123 
3028 
7124 
7125 
7126 
3037 
3038 
3048 
7145 
3049 
7146 
3060 
3061 
7165 
7166 
3073 
3074 
3087 
3088 
7185 
7186 
3102 
3103 
7205 
3118 
3119 
7224 
7225 
3135 
3136 
7244 
3153 
3154 
7263 
3172 
3173 
7281 
3192 
3193 
7298 
3212 
3213 
7314 
3232 
7329 
3233 
7343 
3252 
3253 
7358 
3272 
3273 
7372 
7385 
3292 
3293 
7397 
7408 
3312 
3314 
3315 
3316 
3317 
3318 
3319 
3320 
3321 
7418 
3322 
7419 
3323 
7420 
3324 
3325 
7421 
7422 
3327 
7423 
7424 
7425 
7426 
7427 
7428 
7429 
3334 
7430 
7431 
3335 
7432 
7433 
3338 
7434 
7435 
7436 
7437 
7438 
7439 
3346 
3347 
3358 
3359 
7458 
7459 
3371 
3372 
7478 
7479 
3385 
3386 
3400 
3401 
7498 
3416 
3417 
7517 
3433 
3434 
7535 
3451 
3452 
7554 
3470 
3471 
7572 
3490 
3491 
7589 
7605 
3510 
3511 
7620 
3530 
3531 
7634 
3550 
7647 
3551 
7661 
3570 
3571 
7674 
7686 
3590 
3591 
7697 
3610 
7707 
3611 
7716 
7717 
7718 
7719 
7720 
7721 
7722 
7723 
7724 
7725 
3630 
7726 
3631 
7727 
7728 
3632 
3633 
7729 
3634 
7730 
3635 
7731 
3636 
7732 
3637 
7733 
3638 
7734 
3639 
7735 
7736 
3640 
3641 
7737 
3642 
3643 
3644 
3645 
3646 
3649 
3656 
3657 
3660 
7756 
7757 
3662 
3670 
3671 
7776 
3683 
3684 
3697 
3698 
7795 
3712 
3713 
7813 
3728 
3729 
7830 
3745 
3746 
7848 
3763 
3764 
7865 
3782 
3783 
7881 
7896 
3802 
3803 
7910 
3822 
3823 
7923 
7935 
3842 
3843 
7948 
3862 
3863 
7960 
7971 
3882 
3883 
7981 
7990 
7998 
3902 
7999 
3903 
8000 
8001 
8002 
8003 
8004 
8005 
8006 
8007 
8008 
8009 
8010 
8011 
8012 
8013 
8014 
8015 
8016 
8017 
3922 
8018 
3923 
8037 
3942 
3943 
8056 
3962 
3963 
3964 
3965 
3966 
3967 
3968 
3969 
3970 
3971 
3972 
3973 
3974 
3975 
3976 
3977 
3978 
8074 
3979 
3980 
3981 
3982 
3986 
3993 
3994 
8091 
3996 
3999 
4000 
4009 
4010 
8107 
4023 
4024 
8124 
4038 
4039 
8140 
4054 
4055 
8155 
4071 
4072 
8169 
8182 
4089 
4090 
)

// ************************************************************************* //
