/*--------------------------------*- C++ -*----------------------------------*\
  =========                 |
  \\      /  F ield         | OpenFOAM: The Open Source CFD Toolbox
   \\    /   O peration     | Website:  https://openfoam.org
    \\  /    A nd           | Version:  12
     \\/     M anipulation  |
\*---------------------------------------------------------------------------*/
/*   Windows 32 and 64 bit porting by blueCAPE: http://www.bluecape.com.pt   *\
|  Based on Windows porting (2.0.x v4) by Symscape: http://www.symscape.com   |
\*---------------------------------------------------------------------------*/
FoamFile
{
    format      ascii;
    class       cellSet;
    location    "constant/polyMesh/sets";
    object      meshProtectedCells;
}
// * * * * * * * * * * * * * * * * * * * * * * * * * * * * * * * * * * * * * //


2008
(
4096 
0 
4097 
1 
4098 
2 
3 
4099 
4100 
4 
4101 
5 
4102 
6 
4103 
8 
4104 
4105 
9 
4106 
10 
11 
4107 
12 
4109 
4110 
14 
4111 
8208 
16 
4112 
4113 
17 
18 
4115 
19 
4116 
20 
4117 
4118 
22 
4119 
23 
4120 
4121 
4122 
26 
4123 
4124 
28 
4125 
29 
4126 
30 
31 
33 
8226 
34 
37 
38 
42 
4138 
4139 
43 
44 
45 
46 
4143 
4144 
48 
49 
4146 
4147 
8243 
52 
4149 
53 
57 
58 
4158 
63 
4159 
64 
65 
66 
8259 
67 
69 
70 
73 
74 
78 
4174 
79 
4175 
8274 
84 
85 
91 
92 
93 
94 
4191 
95 
8288 
4192 
97 
98 
101 
102 
106 
107 
8301 
112 
4209 
113 
4210 
119 
120 
8313 
127 
128 
129 
130 
131 
8324 
4228 
133 
4229 
134 
137 
138 
8334 
142 
143 
148 
149 
8343 
4248 
4249 
155 
156 
8351 
163 
164 
8358 
8364 
172 
4268 
4269 
173 
174 
175 
176 
8369 
178 
179 
8373 
182 
8374 
8375 
183 
8376 
8377 
8378 
187 
8379 
8380 
188 
8381 
8382 
8383 
4288 
8384 
193 
8385 
4289 
8386 
194 
8387 
8388 
8389 
8390 
8391 
200 
8392 
8393 
201 
8394 
8395 
8396 
8397 
208 
209 
8403 
4308 
4309 
217 
218 
227 
228 
229 
230 
231 
8424 
4328 
233 
4329 
234 
237 
238 
242 
243 
248 
249 
4348 
8445 
4349 
255 
256 
263 
264 
8462 
4368 
272 
273 
4369 
282 
283 
8478 
4388 
293 
294 
295 
296 
297 
299 
300 
8493 
303 
304 
308 
309 
4407 
314 
8507 
315 
321 
322 
8520 
4425 
329 
330 
338 
339 
8532 
4442 
4443 
348 
4444 
4445 
349 
4446 
8543 
4447 
4448 
4449 
4450 
4451 
4452 
4453 
4454 
359 
4455 
4456 
360 
8553 
4457 
4458 
4459 
4460 
4461 
4464 
4465 
4466 
8562 
371 
4467 
4468 
372 
4469 
373 
4470 
374 
4471 
375 
377 
8570 
378 
381 
382 
8577 
386 
4483 
387 
4484 
8583 
392 
4489 
393 
4491 
8588 
399 
8592 
400 
8595 
8596 
4501 
8597 
8598 
4502 
407 
8599 
8600 
408 
8601 
8602 
8603 
8604 
8605 
8606 
8607 
416 
8608 
8609 
417 
8610 
8611 
8612 
8613 
4518 
8614 
8615 
4519 
8616 
8617 
426 
8618 
427 
8619 
437 
438 
4536 
4537 
449 
450 
8645 
4555 
4556 
462 
463 
464 
465 
466 
468 
469 
8664 
472 
473 
477 
478 
4575 
4576 
483 
484 
8680 
490 
491 
498 
4595 
499 
4596 
8695 
507 
508 
8709 
517 
518 
4615 
4616 
528 
529 
8722 
4635 
540 
4636 
541 
8734 
8745 
553 
554 
4655 
4656 
8755 
567 
568 
569 
570 
571 
8764 
573 
574 
577 
578 
4675 
8772 
4676 
582 
583 
8779 
588 
589 
8785 
595 
596 
8790 
4695 
4696 
8794 
603 
604 
8797 
8799 
8800 
8801 
8802 
8803 
612 
8804 
8805 
613 
8806 
8807 
8808 
8809 
8810 
4715 
8811 
8812 
8813 
622 
8814 
8815 
623 
8816 
8817 
8818 
8819 
8820 
8821 
633 
634 
4734 
645 
646 
8846 
4752 
658 
659 
8863 
672 
4769 
673 
8878 
687 
688 
4785 
689 
690 
4786 
4787 
691 
4788 
693 
4789 
4790 
694 
4791 
4792 
697 
4793 
4794 
698 
4795 
8892 
4796 
4797 
702 
4798 
4799 
703 
4800 
4801 
4802 
4803 
708 
709 
4807 
8905 
715 
716 
723 
4819 
724 
4820 
8917 
732 
733 
8928 
4836 
4837 
742 
743 
8938 
753 
754 
8947 
4854 
4855 
8955 
765 
766 
8962 
8968 
4873 
778 
4874 
779 
8973 
8977 
8980 
8982 
8983 
792 
8984 
8985 
793 
8986 
8987 
8988 
8989 
4893 
8990 
4894 
8991 
8992 
8993 
8994 
8995 
8996 
8997 
8998 
807 
8999 
9000 
808 
9001 
9002 
9003 
9004 
4913 
4914 
823 
824 
825 
826 
827 
829 
830 
833 
834 
9027 
4933 
838 
4934 
839 
844 
845 
9042 
851 
852 
4953 
4954 
859 
860 
9056 
868 
869 
9069 
4973 
878 
4974 
879 
9081 
889 
890 
4993 
4994 
9092 
901 
902 
9102 
914 
915 
5013 
5014 
9111 
9119 
928 
929 
9126 
5033 
9132 
943 
944 
9137 
9141 
9144 
9146 
9147 
5052 
9148 
9149 
9150 
959 
9151 
9152 
960 
9153 
9154 
9155 
9156 
9157 
9158 
9159 
9160 
9161 
9162 
9163 
9164 
9165 
5070 
9166 
9167 
976 
9168 
977 
978 
979 
980 
982 
983 
986 
987 
5087 
991 
992 
9188 
997 
998 
1004 
1005 
5103 
9202 
1012 
1013 
1021 
5118 
1022 
9215 
5119 
5120 
5121 
5122 
5123 
5124 
5125 
5126 
1031 
5127 
5128 
1032 
5129 
5130 
9227 
5131 
5132 
5133 
5134 
5135 
1042 
1043 
9238 
1054 
5151 
1055 
9248 
5152 
9257 
1067 
1068 
9265 
5169 
5170 
9272 
1081 
1082 
9278 
9283 
5188 
5189 
9287 
1096 
1097 
9290 
9292 
9293 
9294 
9295 
9296 
9297 
9298 
9299 
9300 
9301 
9302 
9303 
1112 
9304 
5208 
9305 
1113 
5209 
9306 
9307 
9308 
9309 
9310 
9311 
9312 
9313 
1129 
1130 
5228 
5229 
9330 
1147 
1148 
1149 
1150 
9343 
5248 
1152 
5249 
1153 
1156 
1157 
1161 
1162 
9355 
1167 
1168 
5268 
5269 
9366 
1174 
1175 
1182 
1183 
9376 
1191 
5288 
1192 
9385 
5289 
9393 
1201 
1202 
9400 
5308 
1212 
1213 
5309 
9406 
9411 
9415 
1224 
1225 
9418 
9420 
9421 
9422 
9423 
5328 
9424 
9425 
5329 
9426 
9427 
9428 
1237 
9429 
9430 
1238 
9431 
9432 
9433 
9434 
9435 
9436 
9437 
9438 
9439 
9440 
1251 
5348 
1252 
9454 
1266 
1267 
5367 
9466 
1282 
1283 
9477 
5385 
9487 
1299 
1300 
9496 
5402 
9504 
1317 
1318 
9511 
5418 
9517 
9522 
9526 
1336 
9529 
5433 
1337 
1338 
9531 
1339 
9532 
1340 
9533 
9534 
1343 
9535 
9536 
1344 
9537 
9538 
9539 
1348 
9540 
9541 
1349 
9542 
5447 
9543 
5448 
9544 
9545 
5449 
1354 
5450 
9546 
9547 
5451 
1355 
5452 
9548 
5453 
5454 
5455 
5456 
1361 
5457 
5458 
1362 
5459 
5460 
5461 
5462 
5463 
9560 
5464 
1369 
5465 
1370 
1378 
9571 
1379 
5482 
5483 
1388 
9581 
1389 
9590 
1399 
1400 
5501 
9598 
5502 
1411 
1412 
9605 
9611 
9616 
1424 
5521 
1425 
5522 
9620 
9623 
9625 
9626 
9627 
9628 
9629 
1438 
9630 
9631 
1439 
9632 
9633 
9634 
9635 
9636 
9637 
5541 
9638 
5542 
9639 
1453 
1454 
9650 
5561 
5562 
9660 
1469 
1470 
9669 
9677 
5581 
1486 
5582 
1487 
9684 
9690 
9695 
1504 
5601 
1505 
5602 
9699 
9702 
9704 
9705 
9706 
9707 
9708 
9709 
9710 
9711 
9712 
9713 
9714 
1523 
9715 
9716 
1524 
5621 
5622 
9726 
9735 
1543 
1544 
5641 
1545 
1546 
5642 
1547 
1548 
9743 
1552 
1553 
9750 
1558 
1559 
9756 
5661 
1565 
1566 
9761 
9765 
1573 
1574 
9768 
9770 
9771 
9772 
9773 
1582 
9774 
9775 
1583 
5680 
9776 
9777 
9778 
9779 
9780 
9781 
1592 
1593 
9790 
5698 
1603 
1604 
9798 
9805 
1615 
1616 
9811 
5715 
9816 
9820 
1628 
1629 
9823 
9825 
9826 
5731 
9827 
9828 
9829 
9830 
9831 
9832 
9833 
1642 
9834 
9835 
1643 
5746 
9843 
1657 
9850 
1658 
9856 
5760 
9861 
9865 
1673 
1674 
9868 
5773 
9870 
5774 
9871 
5775 
5776 
9872 
5777 
9873 
5778 
9874 
5779 
9875 
5780 
9876 
5781 
9877 
5782 
9878 
5783 
9879 
5784 
5785 
1690 
5786 
5787 
1691 
5788 
5789 
9886 
5790 
5791 
5792 
5793 
5794 
9892 
9897 
1708 
9901 
1709 
9904 
9906 
9907 
5811 
9908 
5812 
9909 
5814 
9910 
9911 
9912 
9913 
9914 
1727 
9920 
1728 
9925 
5832 
9929 
5833 
9932 
9934 
9935 
9936 
9937 
9938 
9939 
1747 
9940 
1748 
9941 
9946 
5852 
5853 
9950 
9953 
9955 
9956 
9957 
9958 
9959 
1767 
9960 
1768 
1769 
9961 
1770 
1771 
1772 
9965 
1773 
9968 
5872 
5873 
9970 
1778 
9971 
1779 
9972 
9973 
9974 
9975 
1785 
9978 
1786 
9980 
9981 
9982 
9983 
9984 
1793 
9986 
1794 
9987 
5892 
9988 
9989 
5893 
9990 
9991 
9992 
9993 
9994 
1802 
9995 
1803 
9996 
9997 
9998 
9999 
10000 
10001 
10002 
10003 
10004 
1812 
10005 
1813 
10006 
10007 
10008 
5912 
10009 
5913 
10010 
10011 
10012 
10013 
10014 
10015 
1823 
10016 
1824 
10017 
10018 
10019 
10020 
10021 
10022 
10023 
10024 
10025 
10026 
10027 
1835 
10028 
5932 
1836 
10029 
5933 
10030 
10031 
10032 
10033 
10034 
10035 
10036 
10037 
10038 
10039 
10040 
1848 
10041 
1849 
10042 
10043 
10044 
10045 
10046 
10047 
10048 
5952 
10049 
5953 
10050 
10051 
1862 
1863 
5972 
1877 
1878 
1893 
1894 
5991 
1910 
1911 
6009 
1928 
1929 
6026 
6042 
1947 
1948 
6057 
1967 
1968 
6071 
1987 
6084 
1988 
6096 
6097 
6098 
6099 
6100 
6101 
6102 
2007 
6103 
6104 
2008 
2009 
6105 
2010 
6106 
2011 
6107 
2012 
6108 
6109 
2013 
6110 
2014 
6111 
6112 
6113 
6114 
6115 
2020 
6116 
2021 
6117 
6118 
6119 
6120 
6121 
2028 
2029 
2037 
2038 
6139 
6140 
2047 
6143 
6144 
2048 
2058 
2059 
6161 
6162 
2070 
2071 
2083 
2084 
6181 
6182 
2097 
2098 
6201 
6202 
2112 
2113 
6221 
6222 
2128 
2129 
6241 
2145 
2146 
6242 
2163 
2164 
6261 
6262 
2182 
2183 
6281 
2202 
2203 
6300 
6318 
2222 
2223 
6335 
2242 
2243 
6351 
2262 
2263 
2264 
2265 
2266 
2267 
2268 
2269 
6366 
2270 
2277 
2278 
6380 
2286 
2287 
2296 
6393 
2297 
2307 
2308 
6405 
2319 
6416 
2320 
6417 
6418 
6419 
6420 
6421 
6422 
6423 
6424 
6425 
6426 
6427 
2332 
6428 
6429 
2333 
6430 
6431 
6432 
6433 
6434 
6435 
6436 
6437 
6438 
6439 
6440 
2346 
6442 
6443 
2347 
6444 
6445 
6446 
2361 
2362 
6464 
6465 
6469 
6470 
2377 
2378 
6486 
6487 
2394 
2395 
6506 
6507 
2412 
2413 
6526 
2431 
6527 
2432 
6546 
2451 
6547 
2452 
6566 
2471 
6567 
2472 
6586 
2491 
2492 
6605 
2511 
2512 
6623 
2531 
2532 
2533 
2534 
2535 
2536 
2537 
2538 
2539 
2540 
6640 
2548 
2549 
2558 
2559 
6656 
2569 
2570 
6671 
2581 
2582 
6685 
2594 
2595 
6698 
2608 
2609 
6710 
2623 
2624 
6721 
6731 
6732 
6733 
6734 
2639 
6735 
6736 
2640 
6737 
6738 
6739 
6740 
6741 
6742 
6743 
6744 
6745 
6746 
6747 
6748 
6749 
6750 
6751 
2656 
6752 
2657 
6753 
6754 
6756 
6758 
6759 
6760 
6761 
6764 
6765 
6766 
6767 
2674 
2675 
6785 
6786 
2693 
2694 
6791 
6806 
6807 
2713 
2714 
6826 
6827 
2733 
2734 
6846 
6847 
2753 
2754 
6866 
6867 
2773 
2774 
6886 
2793 
2794 
6905 
2813 
2814 
2815 
2816 
2817 
2818 
2819 
2820 
2821 
2822 
2823 
2824 
2826 
6923 
2833 
2834 
2837 
6940 
2845 
2846 
2857 
2858 
6956 
2870 
2871 
6971 
2884 
2885 
6985 
2899 
2900 
6998 
7010 
2915 
2916 
7021 
2932 
2933 
7031 
7040 
7041 
7042 
7043 
7044 
7045 
2950 
7046 
7047 
2951 
7048 
7049 
7050 
7051 
7052 
7053 
7054 
7055 
7056 
7057 
7058 
7059 
7060 
7061 
7062 
7063 
7064 
2969 
2970 
7067 
7070 
7071 
2989 
2990 
7091 
7092 
7098 
3009 
3010 
7112 
7113 
3029 
3030 
7132 
7133 
3049 
3050 
7152 
7153 
3069 
3070 
7172 
3089 
3090 
7191 
3109 
3110 
3111 
3112 
7209 
3113 
3114 
3115 
3116 
3117 
3118 
3119 
3120 
3121 
3122 
3123 
3124 
3127 
7226 
3134 
3135 
3138 
3140 
7242 
3148 
3149 
7257 
3161 
3162 
7271 
3175 
3176 
7284 
3190 
3191 
7296 
3206 
3207 
7307 
7317 
3223 
3224 
7326 
7334 
7335 
7336 
3241 
7337 
7338 
3242 
7339 
7340 
7341 
7342 
7343 
7344 
7345 
7346 
7347 
7348 
7349 
7350 
7351 
7352 
7353 
7354 
7355 
3260 
7356 
3261 
7360 
7364 
3280 
3281 
7384 
7385 
3300 
3301 
7404 
7405 
3320 
3321 
7424 
7425 
3340 
3341 
7444 
3360 
3361 
7463 
3380 
3381 
7481 
3400 
3401 
7498 
7514 
3420 
3421 
3422 
3423 
3424 
3425 
3426 
3427 
3428 
3429 
3430 
3431 
3432 
7529 
3433 
3434 
3435 
3436 
3437 
3438 
3439 
3440 
3444 
7543 
3451 
3452 
3455 
3457 
3458 
7556 
3467 
3468 
7568 
3481 
3482 
7579 
7589 
3496 
3497 
7598 
7606 
3512 
3513 
7613 
7614 
7615 
7616 
7617 
7618 
7619 
7620 
7621 
7622 
7623 
7624 
3529 
7625 
3530 
7626 
7627 
7628 
7629 
7630 
7631 
7632 
7633 
7634 
7635 
7640 
3547 
3548 
7645 
3566 
3567 
7665 
7666 
3586 
3587 
7685 
7686 
3606 
3607 
7705 
3626 
3627 
7724 
7742 
3646 
3647 
7759 
3666 
3667 
7775 
3686 
3687 
7790 
3706 
3707 
7804 
7817 
3726 
7829 
7840 
3745 
3746 
3747 
3748 
3749 
3750 
3751 
3752 
3753 
7850 
3754 
3755 
3756 
3757 
3758 
3759 
3760 
3761 
3762 
7859 
3763 
3764 
3765 
3766 
3767 
3768 
3769 
3771 
7867 
3772 
3773 
3774 
3775 
3776 
7874 
3781 
7880 
7881 
7882 
7883 
3788 
7884 
7885 
3789 
7886 
7887 
3792 
7888 
7889 
3794 
7890 
3795 
7891 
7892 
3797 
7893 
7894 
7895 
7896 
7897 
7898 
7899 
7900 
7901 
3806 
7902 
3807 
7903 
7909 
7915 
3821 
3822 
3837 
7934 
3838 
7935 
3854 
3855 
7954 
3872 
3873 
7973 
3891 
3892 
7991 
3911 
8008 
3912 
8024 
3931 
3932 
8039 
3951 
3952 
8053 
8066 
3971 
3972 
8078 
3991 
3992 
8089 
8099 
4011 
8108 
4012 
8116 
8123 
4031 
4032 
8129 
8134 
8135 
8136 
8137 
8138 
8139 
8140 
8141 
8142 
8143 
8144 
8145 
8146 
4051 
8147 
8148 
8149 
8150 
8151 
8152 
8153 
8154 
8155 
8156 
8157 
8158 
8164 
4070 
8170 
4088 
8185 
4089 
4090 
4091 
4092 
4093 
4094 
4095 
)

// ************************************************************************* //
