/*--------------------------------*- C++ -*----------------------------------*\
  =========                 |
  \\      /  F ield         | OpenFOAM: The Open Source CFD Toolbox
   \\    /   O peration     | Website:  https://openfoam.org
    \\  /    A nd           | Version:  12
     \\/     M anipulation  |
\*---------------------------------------------------------------------------*/
/*   Windows 32 and 64 bit porting by blueCAPE: http://www.bluecape.com.pt   *\
|  Based on Windows porting (2.0.x v4) by Symscape: http://www.symscape.com   |
\*---------------------------------------------------------------------------*/
FoamFile
{
    format      ascii;
    class       cellSet;
    location    "constant/polyMesh/sets";
    object      meshProtectedCells;
}
// * * * * * * * * * * * * * * * * * * * * * * * * * * * * * * * * * * * * * //


1363
(
0 
1 
2 
4098 
3 
4 
8197 
5 
6 
7 
9 
4106 
10 
11 
12 
13 
8207 
15 
16 
19 
20 
21 
22 
23 
8216 
25 
4121 
4122 
26 
4123 
29 
30 
8224 
34 
35 
36 
37 
38 
8231 
40 
4136 
41 
4137 
44 
8237 
45 
49 
8242 
50 
4151 
55 
4152 
56 
57 
58 
59 
61 
62 
65 
8258 
66 
70 
4167 
71 
4168 
76 
77 
83 
84 
85 
86 
87 
4184 
8280 
89 
4185 
8281 
8282 
90 
93 
94 
98 
99 
104 
105 
4202 
4203 
8301 
8302 
111 
112 
119 
120 
121 
122 
123 
125 
4221 
126 
4222 
129 
8321 
130 
134 
135 
140 
141 
4241 
4242 
147 
8339 
148 
155 
156 
8356 
164 
4261 
165 
4262 
166 
167 
168 
170 
171 
174 
175 
179 
8372 
180 
185 
4281 
4282 
186 
192 
193 
8387 
200 
201 
4301 
4302 
8401 
209 
210 
219 
220 
221 
222 
8414 
223 
4321 
225 
4322 
226 
229 
230 
234 
8426 
235 
240 
241 
4341 
8437 
4342 
247 
248 
255 
8447 
256 
264 
8456 
4361 
265 
4362 
8464 
274 
275 
8471 
4381 
8477 
285 
4382 
286 
287 
288 
289 
8482 
291 
292 
8486 
295 
296 
300 
301 
4401 
306 
307 
8502 
313 
314 
321 
322 
4419 
330 
331 
8524 
8525 
8526 
340 
4436 
341 
4445 
351 
352 
8545 
363 
364 
365 
4461 
366 
4462 
367 
4463 
369 
370 
8563 
373 
374 
378 
379 
4477 
4478 
384 
385 
8580 
391 
392 
4493 
4494 
399 
400 
8596 
408 
409 
4510 
4511 
418 
8611 
419 
429 
430 
4528 
8625 
4529 
441 
442 
8638 
4547 
4548 
454 
455 
456 
457 
8650 
458 
460 
461 
464 
465 
469 
8661 
470 
4567 
4568 
475 
476 
8671 
482 
483 
8680 
490 
4587 
491 
4588 
8688 
499 
500 
8695 
509 
8701 
510 
4607 
4608 
8706 
8710 
520 
8713 
521 
4627 
532 
4628 
533 
8729 
545 
546 
4647 
4648 
559 
8751 
8752 
560 
561 
562 
563 
565 
566 
569 
570 
4667 
4668 
574 
575 
8770 
580 
581 
587 
588 
4687 
4688 
595 
8787 
596 
604 
605 
4707 
8803 
4708 
614 
615 
625 
8818 
626 
4727 
637 
638 
8832 
4745 
650 
651 
8845 
664 
8857 
665 
4762 
8868 
679 
680 
681 
682 
4778 
683 
685 
8878 
686 
689 
690 
4788 
694 
8887 
695 
700 
701 
8895 
707 
708 
4805 
4806 
8902 
4807 
715 
8908 
716 
8913 
724 
8917 
725 
4822 
4823 
8920 
8922 
734 
735 
4839 
4840 
745 
8938 
746 
757 
758 
4857 
4858 
8959 
770 
771 
4876 
4877 
784 
8976 
785 
799 
4896 
8992 
800 
4897 
9007 
815 
816 
817 
818 
819 
4916 
821 
4917 
822 
825 
826 
9021 
830 
831 
836 
837 
4936 
4937 
9034 
843 
844 
851 
852 
9046 
860 
4956 
4957 
861 
9057 
870 
871 
9067 
4976 
881 
4977 
882 
9076 
9084 
893 
894 
9091 
4996 
4997 
9097 
906 
907 
9102 
9106 
9109 
9111 
920 
5016 
9112 
5017 
921 
935 
9128 
936 
5036 
5037 
951 
952 
9147 
5056 
968 
969 
970 
971 
9163 
972 
974 
975 
978 
5074 
979 
983 
984 
9178 
989 
990 
5091 
996 
997 
9192 
1004 
1005 
5107 
1013 
9205 
1014 
1023 
1024 
9217 
5122 
1034 
1035 
9228 
5133 
1046 
9238 
1047 
9247 
5151 
5152 
5153 
1059 
1060 
9255 
9262 
1073 
5169 
1074 
5170 
9268 
9273 
9277 
1088 
9280 
1089 
9282 
5187 
9283 
5188 
1104 
1105 
9299 
5206 
5207 
1121 
1122 
9316 
5226 
5227 
9331 
1139 
1140 
1141 
1142 
1144 
1145 
1148 
1149 
5246 
5247 
1153 
9345 
1154 
1159 
1160 
1166 
9358 
1167 
5266 
5267 
1174 
1175 
9370 
1183 
1184 
9381 
5286 
5287 
1193 
1194 
9391 
1204 
1205 
9400 
5306 
5307 
1216 
9408 
1217 
9415 
1229 
9421 
5326 
1230 
5327 
9426 
9430 
9433 
1243 
9435 
9436 
1244 
5346 
5347 
1258 
1259 
9452 
5366 
5367 
1274 
9467 
1275 
9481 
5386 
1291 
1292 
9494 
5404 
1309 
1310 
9506 
9517 
5421 
1328 
1329 
1331 
1332 
1335 
9527 
1336 
1340 
5437 
1341 
9536 
1346 
1347 
9544 
1353 
1354 
5452 
9551 
1361 
1362 
9557 
1370 
9562 
5466 
1371 
9566 
9569 
9571 
1380 
9572 
1381 
5478 
1391 
1392 
9587 
5497 
5498 
1403 
5499 
1404 
9601 
1416 
1417 
5516 
5517 
9614 
1430 
1431 
9626 
5535 
5536 
1445 
9637 
1446 
9647 
5555 
5556 
1461 
1462 
9656 
9664 
1478 
5575 
9671 
1479 
5576 
9677 
9682 
9686 
1496 
9689 
1497 
5595 
9691 
9692 
5596 
9706 
1515 
1516 
5615 
5616 
9719 
1535 
1536 
5635 
9731 
1539 
1540 
5636 
1541 
1545 
1546 
9742 
1551 
1552 
1558 
5655 
1559 
9752 
5656 
1566 
1567 
9761 
1575 
1576 
9769 
5675 
5676 
9776 
1585 
1586 
9782 
9787 
1596 
1597 
5695 
9791 
5696 
9794 
9796 
9797 
1608 
1609 
9810 
5715 
1621 
1622 
9822 
1635 
1636 
5733 
9833 
1650 
9843 
1651 
5750 
9852 
1666 
1667 
9860 
5766 
9867 
9873 
1683 
1684 
5781 
9878 
9882 
9885 
9887 
9888 
5795 
1701 
1702 
9900 
5808 
9911 
1720 
1721 
5821 
9921 
9930 
1740 
1741 
5841 
9938 
5842 
5843 
9945 
9951 
1760 
1761 
9956 
5861 
5862 
1766 
1767 
9960 
1768 
9963 
1773 
9965 
9966 
1774 
1780 
1781 
5881 
9977 
5882 
1788 
1789 
9987 
1797 
1798 
9996 
5901 
5902 
1807 
1808 
10004 
1818 
10011 
1819 
5921 
10017 
5922 
1830 
10022 
1831 
10026 
10029 
10031 
10032 
1843 
1844 
5941 
5942 
10042 
1857 
1858 
10051 
5961 
5962 
10059 
1872 
1873 
10066 
10072 
5981 
10077 
5982 
1888 
10081 
1889 
10084 
10086 
10087 
10096 
1905 
6001 
6002 
1906 
10104 
10111 
1923 
1924 
6021 
10117 
6022 
10122 
10126 
10129 
10131 
10132 
1942 
1943 
6041 
10140 
10147 
10153 
1962 
6059 
1963 
10158 
10162 
10165 
10167 
10168 
6076 
1982 
10175 
1983 
10181 
10186 
6092 
10190 
10193 
2002 
10195 
2003 
10196 
2004 
10202 
6107 
2011 
2012 
2013 
10207 
2019 
10211 
2020 
10214 
10216 
10217 
6121 
2027 
2028 
10222 
10226 
2036 
10229 
2037 
6134 
10231 
10232 
10236 
2046 
10239 
2047 
10241 
10242 
6146 
10245 
10247 
10248 
2057 
10250 
2058 
10251 
6160 
2069 
2070 
2082 
2083 
6181 
6182 
6183 
2096 
2097 
6202 
6203 
2111 
2112 
6222 
2127 
6223 
2128 
2144 
2145 
6242 
6243 
2162 
2163 
6262 
6263 
2181 
2182 
6282 
6283 
2201 
2202 
6302 
6303 
2221 
2222 
6322 
6323 
2241 
2242 
6342 
6343 
2261 
2262 
2264 
6362 
2273 
2274 
2275 
2282 
2283 
6380 
2291 
2292 
2301 
6397 
2302 
2312 
2313 
6413 
2324 
2325 
6428 
2337 
2338 
6442 
2351 
2352 
6455 
2366 
2367 
6467 
2382 
6478 
2383 
6493 
2399 
2400 
2417 
2418 
6515 
6516 
6517 
2436 
2437 
6536 
6537 
2456 
2457 
6556 
6557 
2476 
2477 
6576 
6577 
2496 
2497 
6596 
6597 
2516 
2517 
6616 
6617 
2536 
2537 
6636 
2540 
6637 
2550 
2551 
2552 
6656 
2560 
6657 
2561 
2570 
2571 
6676 
2581 
2582 
2593 
2594 
6694 
2606 
2607 
6711 
2620 
2621 
6727 
2635 
2636 
6742 
2651 
2652 
6756 
2668 
2669 
6769 
6781 
2686 
2687 
6792 
2705 
2706 
6802 
6818 
2725 
2726 
6840 
2745 
6841 
6842 
2746 
2765 
6861 
2766 
6862 
2785 
6881 
6882 
2786 
6901 
2805 
2806 
6902 
6921 
2825 
6922 
2826 
2830 
2841 
2842 
2843 
6941 
6942 
2852 
2853 
2863 
2864 
6961 
6962 
2875 
2876 
6981 
2888 
2889 
2902 
6999 
2903 
2917 
2918 
7016 
2933 
2934 
7032 
2950 
7047 
2951 
7061 
2968 
2969 
7074 
2987 
2988 
7086 
7097 
3007 
3008 
7107 
7116 
3027 
3028 
7132 
3047 
3048 
7154 
7155 
7156 
3067 
3068 
7175 
7176 
3087 
3088 
7195 
7196 
3107 
3108 
7215 
7216 
3127 
3128 
3133 
7235 
7236 
3145 
3146 
3147 
3157 
3158 
7255 
7256 
3169 
3170 
7275 
3182 
3183 
3196 
7293 
3197 
3211 
3212 
7310 
3227 
3228 
7326 
3244 
7341 
3245 
7355 
3262 
3263 
7368 
3281 
3282 
7380 
7391 
3301 
3302 
7401 
7410 
3321 
7418 
3322 
7434 
3341 
3342 
7456 
3361 
7457 
7458 
3362 
3381 
7477 
3382 
7478 
3401 
7497 
7498 
3402 
7517 
3421 
3422 
7518 
7537 
3441 
7538 
3442 
3448 
7557 
3461 
3462 
3463 
3474 
3475 
7575 
3487 
3488 
7592 
3501 
3502 
7608 
3516 
3517 
7623 
3532 
3533 
7637 
3549 
3550 
7650 
7662 
3567 
3568 
7673 
3586 
7683 
3587 
7692 
7700 
3606 
3607 
7707 
3626 
7723 
3627 
3646 
3647 
7745 
7746 
7747 
3666 
3667 
7766 
7767 
3686 
3687 
7786 
7787 
3706 
3707 
7806 
7807 
3726 
3727 
7826 
3746 
3747 
7844 
7861 
3766 
3773 
7877 
3787 
3788 
3789 
7892 
3801 
3802 
7906 
3815 
3816 
7919 
3830 
3831 
7931 
3846 
7942 
3847 
7952 
3863 
3864 
7961 
7969 
7976 
3881 
3882 
7982 
3900 
3901 
7998 
3920 
3921 
8020 
8021 
8022 
3940 
3941 
8041 
8042 
3960 
3961 
8061 
8062 
3980 
3981 
8081 
4000 
4001 
8099 
4020 
8116 
4021 
8132 
4040 
4041 
8147 
4060 
4061 
8161 
8174 
4080 
8186 
)

// ************************************************************************* //
