/*--------------------------------*- C++ -*----------------------------------*\
  =========                 |
  \\      /  F ield         | OpenFOAM: The Open Source CFD Toolbox
   \\    /   O peration     | Website:  https://openfoam.org
    \\  /    A nd           | Version:  12
     \\/     M anipulation  |
\*---------------------------------------------------------------------------*/
/*   Windows 32 and 64 bit porting by blueCAPE: http://www.bluecape.com.pt   *\
|  Based on Windows porting (2.0.x v4) by Symscape: http://www.symscape.com   |
\*---------------------------------------------------------------------------*/
FoamFile
{
    format      ascii;
    class       cellSet;
    location    "constant/polyMesh/sets";
    object      meshProtectedCells;
}
// * * * * * * * * * * * * * * * * * * * * * * * * * * * * * * * * * * * * * //


1728
(
8192 
0 
1 
2 
3 
4 
5 
6 
7 
9 
10 
11 
12 
13 
8207 
15 
16 
19 
20 
4117 
21 
22 
23 
25 
26 
8221 
29 
30 
34 
35 
36 
37 
38 
40 
41 
8234 
44 
45 
4143 
49 
50 
8246 
55 
56 
57 
58 
59 
61 
62 
4159 
8257 
65 
66 
70 
71 
76 
77 
4174 
8275 
83 
84 
85 
86 
87 
89 
8282 
90 
4188 
93 
94 
8288 
98 
99 
8293 
104 
4201 
8297 
105 
8300 
8302 
8303 
111 
112 
8304 
8305 
8306 
8307 
8308 
4213 
8309 
8310 
119 
8311 
8312 
120 
121 
8313 
122 
8314 
123 
8315 
8316 
125 
8317 
126 
8318 
8319 
4224 
8320 
129 
8321 
130 
134 
135 
4234 
140 
4236 
141 
4237 
4238 
4239 
4240 
8338 
147 
8339 
148 
4244 
4245 
4250 
155 
4251 
156 
4257 
4258 
164 
8357 
165 
166 
8358 
167 
168 
4265 
170 
4266 
171 
174 
175 
4274 
179 
4275 
180 
8377 
185 
186 
4284 
4285 
192 
193 
4295 
200 
4296 
201 
8395 
209 
210 
4307 
4308 
219 
8412 
220 
221 
222 
223 
4320 
225 
4321 
226 
229 
230 
234 
235 
8428 
4334 
4335 
240 
241 
247 
248 
8443 
4349 
4350 
255 
256 
264 
8457 
265 
4365 
4366 
274 
275 
8470 
285 
4382 
286 
287 
288 
289 
8482 
291 
292 
295 
296 
300 
8493 
301 
4399 
306 
307 
8503 
313 
314 
321 
4417 
322 
8518 
330 
331 
8524 
8529 
340 
8533 
341 
8536 
8538 
8539 
4444 
8540 
8541 
8542 
351 
8543 
352 
8544 
8545 
8546 
8547 
8548 
8549 
8550 
8551 
8552 
8553 
8554 
363 
8555 
8556 
364 
365 
8557 
4462 
366 
8558 
367 
369 
370 
373 
374 
378 
379 
384 
8576 
385 
8577 
4486 
391 
392 
399 
400 
8596 
4501 
408 
409 
418 
4515 
419 
8614 
429 
430 
4528 
8631 
441 
442 
4540 
454 
8647 
4551 
455 
456 
457 
459 
460 
463 
464 
4561 
468 
469 
8662 
4570 
474 
475 
4571 
4572 
4573 
4574 
4575 
4576 
481 
482 
8676 
4581 
4582 
489 
490 
4588 
4589 
8689 
498 
499 
4596 
4597 
508 
8701 
509 
4605 
4606 
519 
4615 
8712 
520 
4616 
8722 
4626 
531 
4627 
532 
8731 
4638 
4639 
544 
8743 
4651 
8748 
4652 
556 
557 
558 
559 
8752 
561 
562 
8755 
8757 
565 
8758 
566 
8759 
8760 
4665 
8761 
570 
4666 
8762 
571 
8763 
8764 
8765 
8766 
8767 
576 
8768 
577 
8769 
8770 
8771 
8772 
8773 
8774 
583 
8775 
584 
4680 
8776 
4681 
8777 
591 
592 
600 
4696 
601 
4697 
8796 
8797 
610 
611 
4713 
4714 
621 
622 
8815 
633 
634 
4731 
8832 
646 
4749 
8848 
659 
8863 
671 
672 
673 
674 
676 
677 
4776 
680 
681 
8877 
685 
686 
691 
692 
4794 
8890 
698 
699 
706 
707 
8902 
4811 
715 
716 
8913 
725 
726 
8923 
736 
4833 
737 
8932 
8939 
748 
749 
4847 
8949 
8953 
761 
4860 
8956 
8958 
8959 
8960 
8961 
8962 
8963 
8964 
8965 
774 
8966 
8967 
4872 
8968 
8969 
8970 
8971 
8972 
8973 
8974 
8975 
8976 
8977 
8978 
4883 
788 
4893 
800 
801 
802 
803 
8996 
8997 
805 
4902 
806 
809 
810 
4909 
814 
4910 
815 
4911 
4912 
4913 
4914 
4915 
820 
4916 
821 
9014 
4922 
827 
4923 
828 
4930 
835 
4931 
836 
9030 
4939 
844 
4940 
845 
9045 
4949 
854 
4950 
855 
4960 
865 
4961 
866 
9059 
4972 
877 
4973 
878 
9072 
4985 
890 
4986 
9084 
9095 
903 
4999 
5000 
9105 
917 
5014 
5015 
9114 
9121 
932 
5030 
9127 
5031 
9135 
944 
945 
9138 
946 
947 
9140 
9141 
949 
950 
9142 
5047 
9143 
5048 
9144 
953 
9145 
954 
9146 
9147 
9148 
9149 
958 
9150 
959 
9151 
9152 
9153 
9154 
9155 
964 
9156 
965 
9157 
9158 
9159 
5065 
5066 
971 
972 
979 
980 
9176 
9177 
988 
5084 
989 
998 
999 
9193 
1009 
1010 
5110 
9208 
1021 
1022 
9222 
5128 
1034 
9235 
1047 
5145 
9247 
1061 
5161 
9258 
9268 
1076 
5181 
9277 
9284 
1092 
5194 
9290 
9295 
1104 
1105 
1106 
1107 
9301 
1109 
5206 
1110 
9303 
9304 
1113 
9305 
1114 
9306 
9307 
9308 
9309 
1118 
9310 
1119 
9311 
9312 
5217 
9313 
9314 
9315 
1124 
9316 
1125 
9317 
9318 
9319 
9320 
9321 
5227 
1131 
1132 
1139 
5236 
1140 
9337 
9338 
5243 
1148 
1149 
5249 
5250 
5251 
5252 
5253 
1158 
5254 
1159 
5255 
5256 
9353 
5257 
5264 
1169 
5265 
1170 
9367 
5273 
5274 
1181 
1182 
5283 
9380 
5284 
1194 
5294 
5295 
9392 
1207 
5306 
9403 
5307 
9413 
1221 
5319 
5320 
9422 
1236 
9429 
5333 
5334 
9435 
9440 
9444 
1252 
5348 
5349 
9448 
9449 
9450 
9451 
9452 
9453 
9454 
9455 
9456 
9457 
9458 
9459 
5364 
9460 
1269 
5365 
9461 
9462 
9463 
9464 
9465 
1281 
1282 
1283 
1284 
5381 
1286 
5382 
1287 
9480 
9481 
1290 
1291 
1295 
1296 
1301 
1302 
9495 
5399 
5400 
1308 
1309 
9508 
1316 
1317 
5418 
5419 
1325 
1326 
9520 
1335 
1336 
9531 
1346 
1347 
9541 
9550 
1358 
1359 
9557 
5462 
5463 
9563 
1371 
9568 
9572 
9575 
5480 
1384 
9577 
9578 
9579 
9580 
9581 
9582 
9583 
9584 
9585 
9586 
9587 
9588 
9589 
1398 
9590 
9591 
5496 
9592 
1413 
9606 
5511 
9607 
9620 
1429 
5529 
9632 
5541 
1446 
9643 
5552 
9653 
5562 
9662 
5571 
1475 
1476 
9669 
1477 
1478 
1480 
1481 
5578 
9675 
1484 
1485 
5584 
9680 
1489 
1490 
9684 
5589 
5590 
9687 
1495 
5591 
1496 
5592 
9689 
5593 
5594 
9690 
5595 
9691 
5596 
9692 
9693 
5597 
1502 
9694 
5598 
1503 
9695 
9696 
9697 
9698 
9699 
9700 
9701 
1510 
5606 
9702 
1511 
5607 
9703 
1519 
5616 
1520 
5617 
9716 
9717 
1529 
1530 
5627 
5628 
9729 
1540 
1541 
5639 
5640 
9740 
1552 
1553 
5652 
5653 
9750 
1565 
9759 
5666 
5667 
9766 
1578 
9772 
9777 
5681 
5682 
9781 
9784 
1592 
9786 
9787 
9788 
9789 
9790 
9791 
9792 
5697 
9793 
5698 
9794 
9795 
9796 
9797 
9798 
1607 
9799 
5714 
9811 
5715 
9812 
1623 
9823 
5732 
5733 
1640 
9833 
9842 
5751 
5752 
9849 
9855 
9860 
9864 
5771 
9867 
9869 
9870 
9871 
9872 
9873 
9874 
9875 
9876 
9877 
9878 
1686 
1687 
9879 
1688 
9880 
1689 
9881 
1691 
1692 
1695 
1696 
9892 
1700 
5797 
9893 
1701 
1706 
1707 
9903 
1713 
1714 
5814 
9912 
1721 
1722 
9919 
1730 
1731 
9925 
5830 
9930 
1740 
1741 
9934 
9937 
9939 
9940 
5845 
9941 
9942 
1751 
9943 
1752 
9944 
9945 
9946 
9947 
9948 
9949 
9950 
5859 
1763 
9960 
9961 
1775 
1776 
9970 
5875 
9977 
1789 
5886 
9983 
9988 
5896 
9992 
9995 
1803 
9997 
9998 
9999 
10000 
5905 
10001 
10002 
10003 
10004 
10005 
10006 
10007 
5912 
1818 
5918 
10016 
10017 
5923 
5927 
10024 
5928 
5929 
1834 
5930 
5931 
5932 
5933 
10030 
5934 
5935 
5936 
5937 
10035 
10039 
10042 
5946 
1851 
5947 
10044 
10045 
10046 
10047 
10048 
10049 
10050 
10051 
10052 
5957 
10053 
5958 
10060 
10061 
5969 
5970 
10067 
10072 
10076 
5982 
10079 
5983 
10081 
10082 
10083 
10084 
10085 
10086 
10087 
10088 
5996 
5997 
10094 
10095 
1904 
10100 
10104 
1914 
10107 
6011 
1915 
1916 
6012 
10109 
1917 
10110 
1919 
10111 
1920 
10112 
10113 
10114 
1923 
10115 
1924 
10120 
1928 
10121 
1929 
6027 
6028 
10125 
1934 
1935 
10128 
10130 
10131 
10132 
1941 
10133 
1942 
10134 
10135 
10139 
10140 
6044 
1949 
6045 
1950 
10143 
10145 
10146 
10147 
10148 
10149 
1958 
1959 
10152 
10153 
10155 
10156 
10157 
6062 
10158 
6063 
10160 
1968 
10161 
1969 
10162 
10163 
10164 
10165 
1979 
1980 
6081 
6082 
1991 
2003 
6101 
2016 
2017 
6119 
2031 
2046 
6144 
2062 
6160 
6175 
2079 
6189 
6202 
6216 
6226 
2132 
6235 
6242 
2149 
6248 
6253 
2158 
2159 
2160 
6257 
2161 
2163 
6260 
2164 
6261 
6262 
2167 
6263 
2168 
6264 
6265 
6266 
6267 
2172 
6268 
2173 
6269 
6270 
6271 
2178 
2179 
2185 
6281 
2186 
6282 
2193 
2194 
6293 
6294 
2202 
2203 
6306 
6307 
2212 
2213 
2223 
6320 
2224 
6321 
2235 
6335 
6336 
2247 
6351 
6352 
2260 
6368 
6369 
2274 
2275 
2290 
6386 
6387 
2306 
6405 
6406 
2323 
6425 
6443 
6460 
2376 
6484 
2393 
6499 
2409 
6513 
2417 
2418 
2419 
2420 
2422 
2423 
2426 
2427 
6526 
2431 
2432 
2437 
2438 
6538 
2444 
2445 
2452 
2453 
6550 
2461 
2462 
6559 
6566 
2471 
2472 
6572 
6577 
2482 
2483 
6581 
6584 
6586 
6587 
6588 
6589 
2494 
6590 
6591 
6592 
6593 
6594 
6595 
6596 
6597 
6598 
2506 
6609 
6610 
2519 
6622 
6623 
2533 
6636 
6637 
2548 
2549 
6651 
6652 
2565 
6667 
6668 
2582 
6684 
6685 
6702 
6703 
6721 
6722 
2635 
6741 
2652 
6759 
2668 
6776 
2683 
2690 
2691 
2692 
2693 
2695 
6792 
2696 
2699 
2700 
2704 
2705 
2710 
2711 
2717 
2718 
6815 
2725 
2726 
6829 
2734 
2735 
2744 
2745 
6842 
2755 
2756 
6854 
2767 
6865 
6875 
2779 
6882 
6888 
2792 
6893 
6897 
6900 
6902 
2806 
6903 
6904 
6905 
6906 
6907 
6908 
6909 
6910 
6911 
6912 
6913 
6914 
6915 
6916 
2821 
6928 
6929 
2837 
2838 
6942 
6943 
2855 
6957 
6958 
6973 
6974 
6990 
6991 
2908 
7008 
7009 
2925 
7027 
7028 
2941 
7047 
2956 
7065 
2970 
2976 
2977 
2978 
2979 
2981 
2982 
2985 
7082 
2986 
2990 
2991 
2996 
2997 
7098 
3003 
3004 
3011 
3012 
7113 
3020 
3021 
3030 
3031 
7135 
3041 
3042 
7148 
3053 
3054 
7160 
3066 
7171 
3079 
7181 
7188 
3093 
7194 
7199 
7203 
3108 
7206 
7208 
7209 
7210 
7211 
7212 
7213 
7214 
7215 
7216 
7217 
7218 
7219 
3124 
7220 
7221 
7222 
7223 
7236 
3141 
7237 
3142 
7251 
7252 
7267 
7268 
7284 
7285 
3195 
7302 
7303 
3212 
7321 
7322 
3228 
3243 
7341 
3257 
7359 
3270 
3275 
3276 
3277 
3278 
7376 
3280 
3281 
3284 
3285 
3289 
3290 
3295 
7392 
3296 
3302 
3303 
3310 
7407 
3311 
3319 
3320 
7421 
3329 
3330 
3340 
3341 
7442 
3352 
3353 
7454 
3365 
3366 
7465 
7475 
3379 
7482 
7488 
3393 
7493 
7497 
7500 
7502 
7503 
3408 
7504 
7505 
7506 
7507 
7508 
7509 
7510 
7511 
7512 
7513 
7514 
7515 
7516 
7517 
7518 
3424 
7532 
7533 
3441 
7548 
7549 
3459 
7565 
7566 
7583 
7584 
3495 
7602 
7603 
3512 
7622 
3528 
3543 
7640 
3557 
7657 
3570 
7673 
3582 
3586 
3587 
3588 
3590 
3591 
7688 
3594 
3595 
3599 
3600 
3605 
7702 
3606 
3612 
3613 
7715 
3620 
3621 
3629 
3630 
7735 
3639 
3640 
7746 
3650 
3651 
7756 
3662 
3663 
7763 
7769 
3675 
3676 
7774 
7778 
7781 
7783 
7784 
3689 
7785 
3690 
7786 
7787 
7788 
7789 
7790 
7791 
7792 
7793 
7794 
7795 
7796 
7797 
7798 
7799 
3704 
7800 
3719 
7815 
7816 
3735 
7832 
7833 
3752 
7850 
7851 
3770 
7869 
7870 
7889 
3806 
7907 
3823 
7924 
3839 
7940 
3854 
7955 
3868 
7969 
3881 
7982 
3893 
7994 
3904 
3907 
3908 
3909 
3910 
3913 
3914 
8013 
3918 
3919 
3924 
3925 
8023 
3931 
3932 
8030 
3939 
8036 
3940 
8041 
3948 
8045 
3949 
8048 
8050 
8051 
8052 
8053 
3958 
8054 
3959 
8055 
8056 
8057 
8058 
8059 
8060 
8061 
8062 
8063 
8064 
3969 
8065 
3970 
8066 
8067 
8068 
3981 
3982 
8084 
8085 
3994 
3995 
8102 
8103 
4008 
4009 
4023 
4024 
8121 
8122 
4039 
8141 
4055 
8159 
4072 
8176 
4090 
)

// ************************************************************************* //
