/*--------------------------------*- C++ -*----------------------------------*\
  =========                 |
  \\      /  F ield         | OpenFOAM: The Open Source CFD Toolbox
   \\    /   O peration     | Website:  https://openfoam.org
    \\  /    A nd           | Version:  12
     \\/     M anipulation  |
\*---------------------------------------------------------------------------*/
/*   Windows 32 and 64 bit porting by blueCAPE: http://www.bluecape.com.pt   *\
|  Based on Windows porting (2.0.x v4) by Symscape: http://www.symscape.com   |
\*---------------------------------------------------------------------------*/
FoamFile
{
    format      ascii;
    class       cellSet;
    location    "constant/polyMesh/sets";
    object      meshProtectedCells;
}
// * * * * * * * * * * * * * * * * * * * * * * * * * * * * * * * * * * * * * //


1352
(
0 
1 
8194 
2 
3 
4 
5 
6 
4102 
4103 
7 
9 
10 
11 
12 
13 
15 
16 
19 
4116 
8212 
20 
4117 
21 
22 
23 
25 
26 
29 
30 
34 
4131 
35 
4132 
36 
37 
8229 
38 
40 
41 
44 
45 
49 
50 
4147 
4148 
8245 
55 
56 
57 
58 
59 
61 
62 
65 
66 
4164 
8260 
4165 
70 
71 
76 
77 
8274 
83 
84 
85 
86 
4182 
4183 
87 
89 
90 
93 
94 
8287 
98 
99 
104 
4201 
105 
4202 
8299 
111 
112 
8310 
119 
120 
121 
122 
123 
125 
4221 
4222 
126 
8320 
129 
130 
134 
135 
8329 
140 
141 
4241 
8337 
4242 
147 
148 
8344 
155 
156 
8350 
8355 
8356 
164 
4261 
165 
4262 
166 
167 
168 
170 
171 
174 
175 
179 
180 
8375 
8376 
185 
4281 
4282 
186 
192 
193 
200 
201 
8395 
4301 
4302 
209 
210 
219 
220 
221 
222 
8414 
223 
225 
4321 
226 
4322 
229 
230 
234 
235 
240 
8432 
241 
4341 
4342 
247 
248 
255 
256 
8449 
264 
4361 
265 
8465 
274 
275 
4380 
285 
286 
287 
288 
8480 
289 
291 
292 
295 
296 
300 
301 
4398 
8494 
306 
307 
4407 
4408 
313 
314 
8507 
321 
322 
4420 
4421 
8519 
330 
331 
4434 
8530 
4435 
340 
341 
8540 
351 
352 
4449 
4450 
8549 
363 
364 
8557 
365 
366 
367 
369 
4465 
4466 
370 
8564 
373 
374 
378 
8570 
379 
8575 
384 
385 
4482 
4483 
8579 
8580 
391 
392 
399 
400 
4500 
4501 
8599 
408 
409 
418 
419 
4519 
4520 
8618 
429 
430 
441 
442 
4539 
4540 
8636 
454 
455 
456 
457 
458 
460 
461 
8653 
4559 
4560 
464 
465 
469 
470 
475 
476 
8669 
482 
483 
4579 
4580 
490 
491 
8684 
499 
500 
4599 
4600 
8698 
509 
510 
8711 
520 
521 
4619 
4620 
8723 
532 
533 
8734 
4639 
4640 
545 
546 
8744 
559 
560 
8753 
561 
562 
563 
4659 
4660 
565 
566 
569 
8761 
570 
574 
575 
8768 
580 
581 
8774 
4679 
587 
8779 
588 
8783 
8786 
595 
596 
4698 
604 
605 
8805 
614 
615 
4716 
625 
626 
8823 
637 
4733 
638 
4741 
8840 
650 
651 
4754 
4755 
664 
8856 
665 
4769 
4770 
679 
8871 
680 
681 
682 
683 
685 
686 
689 
4785 
4786 
690 
8885 
694 
695 
700 
701 
4802 
8898 
4803 
707 
708 
715 
716 
8910 
724 
4820 
4821 
725 
8921 
734 
735 
8931 
4839 
4840 
745 
746 
8940 
8948 
757 
758 
8955 
4859 
4860 
8961 
770 
771 
8966 
8970 
8973 
4879 
8975 
4880 
784 
785 
799 
800 
8993 
4899 
4900 
815 
816 
817 
818 
9010 
819 
821 
822 
4919 
4920 
825 
826 
830 
831 
9026 
836 
837 
843 
4939 
844 
4940 
9041 
851 
852 
860 
861 
4959 
9055 
4960 
870 
871 
9068 
881 
882 
4979 
4980 
9080 
893 
894 
9091 
4999 
906 
907 
9101 
9110 
920 
921 
5018 
9118 
9125 
935 
936 
9131 
5036 
9136 
9140 
951 
9143 
952 
9145 
9146 
5053 
968 
969 
970 
971 
9163 
972 
5069 
974 
975 
978 
979 
5076 
983 
984 
9179 
989 
990 
5090 
5091 
996 
997 
9194 
1004 
1005 
5106 
5107 
1013 
1014 
9208 
1023 
1024 
5123 
5124 
9221 
1034 
1035 
9233 
5141 
5142 
1046 
1047 
9244 
1059 
1060 
9254 
5160 
5161 
9263 
1073 
1074 
9271 
5180 
5181 
9278 
1088 
1089 
9284 
9289 
9293 
1104 
5200 
9296 
5201 
1105 
9298 
9299 
1121 
1122 
9315 
5220 
5221 
9330 
1139 
1140 
1141 
1142 
1143 
5240 
5241 
1145 
1146 
1149 
1150 
9344 
1154 
1155 
1160 
1161 
5260 
5261 
9357 
1167 
1168 
1175 
1176 
9369 
1184 
5280 
1185 
5281 
9380 
1194 
1195 
9390 
5300 
5301 
1205 
1206 
9399 
9407 
1217 
1218 
9414 
5320 
9420 
1230 
1231 
9425 
9429 
9432 
9434 
5339 
9435 
1244 
1245 
9450 
1259 
1260 
5357 
9464 
1275 
1276 
5374 
9477 
1292 
1293 
5390 
9489 
9500 
5405 
1310 
1311 
5411 
9510 
9519 
1329 
5426 
1330 
5427 
1331 
1332 
1334 
1335 
9527 
1338 
1339 
9534 
1343 
1344 
5443 
5444 
9540 
1349 
1350 
9545 
1356 
1357 
9549 
9552 
9554 
9555 
1364 
1365 
5461 
5462 
1373 
1374 
9569 
1383 
1384 
5480 
5481 
9582 
1394 
1395 
9594 
5500 
5501 
1406 
1407 
9605 
1419 
1420 
9615 
5520 
5521 
9624 
1433 
1434 
9632 
5540 
5541 
9639 
1448 
1449 
9645 
9650 
9654 
1464 
5560 
5561 
1465 
9657 
9659 
9660 
1481 
9673 
1482 
5580 
5581 
9685 
1499 
1500 
5600 
9696 
5601 
9706 
1518 
1519 
9715 
5620 
5621 
9723 
9730 
1538 
1539 
1541 
1542 
5640 
9736 
1545 
1546 
9741 
1550 
1551 
9745 
1556 
9748 
1557 
9750 
9751 
1563 
5659 
1564 
1571 
9763 
1572 
1580 
1581 
5677 
9774 
1590 
1591 
9784 
5694 
1601 
9793 
1602 
9801 
1613 
1614 
5710 
9808 
9814 
1626 
1627 
9819 
5725 
9823 
9826 
9828 
9829 
1640 
1641 
5739 
5744 
9840 
1655 
1656 
9850 
5760 
5761 
9859 
1671 
1672 
9867 
5778 
9874 
5779 
1688 
9880 
1689 
9885 
9889 
9892 
5797 
5798 
9894 
9895 
1706 
1707 
9905 
5817 
5818 
9914 
1725 
1726 
9922 
9929 
5837 
5838 
9935 
1745 
1746 
9940 
9944 
9947 
9949 
9950 
5857 
5858 
1765 
1766 
9959 
1769 
1770 
1774 
1775 
9967 
1780 
1781 
5877 
5878 
9974 
1787 
1788 
9980 
9985 
1795 
1796 
9989 
9992 
5897 
5898 
9994 
9995 
1804 
1805 
10003 
1814 
1815 
10010 
5917 
5918 
10016 
1825 
1826 
10021 
10025 
10028 
1837 
1838 
10030 
10031 
5937 
5938 
10038 
1850 
1851 
10044 
10049 
5957 
10053 
1864 
10056 
1865 
10058 
10059 
10065 
10070 
1879 
1880 
5976 
10074 
10077 
10079 
10080 
10085 
1895 
1896 
10089 
5994 
10092 
10094 
10095 
10099 
10102 
1912 
10104 
1913 
10105 
6011 
10108 
10110 
10111 
10113 
10114 
10115 
1930 
1931 
6027 
6042 
1949 
1950 
6056 
1969 
1970 
6069 
6073 
1989 
1990 
6090 
6091 
2009 
2010 
6109 
6110 
2014 
2015 
2020 
2021 
2027 
2028 
6129 
6130 
2035 
2036 
2044 
2045 
6149 
6150 
2054 
2055 
2065 
2066 
6169 
6170 
2077 
2078 
2090 
2091 
6189 
6190 
2104 
2105 
6209 
6210 
2119 
2120 
6229 
6230 
2135 
2136 
2152 
2153 
6249 
6250 
2170 
2171 
6269 
2189 
2190 
6288 
2209 
2210 
6306 
6323 
2229 
2230 
6339 
2249 
2250 
6354 
2268 
2269 
6368 
2274 
2275 
2281 
2282 
6381 
2289 
2290 
6393 
2298 
2299 
6396 
2308 
2309 
6414 
6415 
2319 
2320 
2331 
2332 
6434 
6435 
2344 
2345 
2358 
6454 
6455 
2359 
2373 
2374 
6474 
6475 
2389 
2390 
6494 
6495 
2406 
2407 
6514 
6515 
2424 
2425 
6534 
6535 
2443 
2444 
6554 
6555 
2463 
2464 
6574 
2483 
2484 
6593 
2503 
2504 
6611 
2523 
2524 
6628 
2541 
2542 
2548 
6644 
2549 
2556 
2557 
6659 
2565 
2566 
2575 
2576 
6673 
2586 
2587 
6686 
2598 
2599 
6698 
2611 
2612 
6709 
6711 
2625 
2626 
6730 
6731 
2640 
2641 
6750 
6751 
2656 
2657 
2673 
2674 
6770 
6771 
2691 
2692 
6790 
6791 
2710 
2711 
6810 
6811 
2730 
2731 
6830 
6831 
2750 
2751 
6850 
6851 
2770 
2771 
6870 
2790 
2791 
6889 
2810 
6907 
2811 
2827 
2828 
6924 
2835 
2836 
2844 
6940 
2845 
2854 
2855 
6955 
2865 
2866 
6969 
2877 
2878 
6982 
2890 
2891 
6994 
2904 
2905 
7005 
2919 
7015 
7016 
2920 
2935 
2936 
7035 
7036 
2952 
2953 
7055 
7056 
2970 
2971 
7075 
7076 
2989 
2990 
7095 
7096 
3009 
3010 
7115 
7116 
3029 
3030 
7135 
7136 
3049 
3050 
7155 
3069 
3070 
7174 
3089 
3090 
7192 
3109 
3110 
7209 
3125 
3126 
7225 
3134 
3135 
3144 
7240 
3145 
3155 
3156 
7254 
3167 
3168 
7267 
3180 
3181 
7279 
3194 
7290 
3195 
7300 
3209 
3210 
7309 
7310 
3225 
3226 
7329 
7330 
3242 
3243 
7349 
7350 
3260 
3261 
7369 
7370 
3279 
3280 
7389 
7390 
3299 
3300 
7409 
7410 
3319 
3320 
7429 
3339 
3340 
7448 
3359 
3360 
7466 
3379 
3380 
7483 
3399 
3400 
7499 
7514 
3419 
3420 
7528 
3434 
3435 
3444 
3445 
7541 
3455 
3456 
7553 
3467 
3468 
7564 
7574 
3480 
3481 
7583 
3494 
3495 
7591 
7592 
3509 
3510 
7611 
7612 
3525 
3526 
7631 
7632 
3542 
3543 
7651 
7652 
3560 
3561 
7671 
7672 
3579 
3580 
7691 
3599 
3600 
7710 
3619 
3620 
7728 
3639 
3640 
7745 
3659 
3660 
7761 
3679 
3680 
7776 
7790 
3699 
3700 
7803 
3719 
7815 
3720 
7826 
3739 
7836 
7845 
3752 
3753 
7853 
3763 
3764 
7860 
7861 
3775 
3776 
7880 
7881 
3788 
3789 
3802 
3803 
7900 
7901 
3817 
3818 
7920 
7921 
3833 
3834 
7940 
3850 
3851 
7959 
3868 
3869 
7977 
3887 
3888 
7994 
3907 
3908 
8010 
3927 
3928 
8025 
8039 
3947 
3948 
8052 
3967 
3968 
8064 
8075 
3987 
3988 
8085 
8094 
8102 
4007 
4008 
8109 
8115 
8116 
4027 
4028 
8135 
8136 
4047 
8155 
8156 
4066 
4077 
4078 
8175 
4089 
4090 
)

// ************************************************************************* //
