/*--------------------------------*- C++ -*----------------------------------*\
  =========                 |
  \\      /  F ield         | OpenFOAM: The Open Source CFD Toolbox
   \\    /   O peration     | Website:  https://openfoam.org
    \\  /    A nd           | Version:  12
     \\/     M anipulation  |
\*---------------------------------------------------------------------------*/
/*   Windows 32 and 64 bit porting by blueCAPE: http://www.bluecape.com.pt   *\
|  Based on Windows porting (2.0.x v4) by Symscape: http://www.symscape.com   |
\*---------------------------------------------------------------------------*/
FoamFile
{
    format      ascii;
    class       cellSet;
    location    "constant/polyMesh/sets";
    object      meshProtectedCells;
}
// * * * * * * * * * * * * * * * * * * * * * * * * * * * * * * * * * * * * * //


2031
(
0 
1 
2 
8195 
3 
4 
4101 
5 
6 
4103 
7 
8 
9 
8203 
11 
12 
13 
14 
15 
4111 
4112 
16 
17 
4113 
4114 
18 
4115 
19 
4116 
8213 
4117 
4118 
4119 
23 
24 
4120 
25 
4121 
4122 
26 
27 
4123 
28 
4124 
4125 
29 
4126 
30 
4127 
31 
8223 
4128 
32 
33 
4129 
4130 
34 
4131 
4132 
4133 
4134 
4135 
4136 
4137 
8233 
41 
4138 
42 
4139 
43 
4140 
44 
4141 
45 
46 
4142 
47 
4143 
48 
4144 
49 
4145 
8241 
4146 
8242 
50 
51 
4147 
52 
53 
54 
55 
66 
67 
68 
69 
70 
71 
72 
73 
74 
8266 
75 
8267 
76 
77 
78 
79 
80 
81 
82 
83 
8287 
8291 
99 
100 
101 
102 
103 
104 
105 
106 
107 
108 
109 
110 
111 
112 
113 
114 
115 
116 
117 
118 
119 
8316 
8326 
8327 
8333 
141 
142 
8334 
143 
8335 
144 
8336 
145 
8337 
146 
8338 
147 
8339 
148 
149 
150 
151 
152 
153 
8345 
154 
155 
4252 
156 
157 
158 
159 
160 
8352 
161 
8353 
162 
8354 
8355 
163 
8356 
164 
8357 
8358 
8359 
8360 
8361 
8362 
8363 
8378 
193 
194 
195 
196 
197 
198 
199 
200 
201 
202 
203 
204 
205 
206 
207 
208 
209 
210 
4306 
211 
212 
213 
214 
215 
216 
217 
218 
8425 
8435 
4344 
253 
254 
255 
256 
257 
258 
259 
260 
261 
4357 
262 
263 
264 
265 
266 
267 
268 
269 
270 
271 
272 
273 
274 
8466 
275 
4371 
276 
277 
278 
279 
280 
8473 
4380 
4382 
4383 
4384 
4385 
4386 
8482 
4387 
4388 
4389 
4390 
4392 
4393 
4394 
8492 
8500 
4405 
8504 
315 
8508 
4416 
323 
324 
325 
326 
327 
328 
329 
330 
331 
332 
333 
334 
335 
336 
337 
8529 
338 
8530 
339 
340 
341 
342 
343 
344 
345 
346 
347 
4443 
348 
4444 
349 
350 
351 
352 
8547 
4452 
4453 
4454 
8550 
4455 
4456 
4457 
4458 
4459 
4460 
4461 
4462 
4463 
4464 
4465 
4466 
4467 
4468 
4469 
4470 
4471 
4472 
4473 
4474 
4475 
4476 
380 
8572 
4477 
4478 
4479 
4480 
4481 
4482 
4483 
8579 
4484 
4485 
4486 
8584 
8585 
8586 
8587 
8588 
396 
8589 
8594 
404 
405 
406 
407 
408 
8600 
409 
8601 
410 
8602 
411 
8603 
412 
8604 
413 
8605 
414 
8606 
8607 
415 
416 
8608 
417 
8609 
418 
419 
420 
421 
422 
423 
424 
425 
426 
427 
428 
429 
430 
431 
432 
8624 
433 
434 
435 
8629 
462 
471 
8679 
489 
4591 
497 
8689 
498 
499 
500 
502 
503 
504 
505 
506 
507 
508 
509 
4605 
510 
511 
512 
513 
514 
515 
516 
517 
518 
519 
520 
521 
522 
523 
524 
8716 
525 
526 
527 
528 
529 
530 
8723 
531 
8732 
8740 
8747 
8750 
559 
8754 
4660 
566 
576 
8772 
8773 
8787 
596 
8789 
4696 
604 
605 
606 
607 
609 
610 
611 
612 
4708 
613 
614 
615 
616 
8808 
617 
618 
619 
620 
621 
622 
623 
624 
8816 
625 
8817 
4721 
8818 
626 
627 
8819 
628 
8820 
629 
630 
631 
632 
8824 
633 
634 
635 
4731 
636 
4732 
637 
8829 
638 
4734 
8830 
4735 
8831 
639 
4736 
8832 
640 
4737 
8833 
4738 
8834 
8835 
4739 
8836 
4740 
4741 
4742 
4743 
4744 
8850 
4755 
8856 
8860 
4765 
675 
676 
684 
4790 
695 
4791 
4799 
4800 
4801 
4802 
4803 
4804 
4805 
4806 
4807 
4808 
4809 
4810 
4811 
4812 
4813 
717 
4814 
4815 
4816 
4817 
8913 
4818 
4819 
4820 
4821 
725 
4822 
726 
4823 
727 
4824 
728 
4825 
8921 
4826 
730 
4827 
731 
4828 
732 
4829 
733 
4830 
734 
4831 
735 
736 
737 
738 
739 
740 
741 
742 
743 
744 
745 
746 
747 
748 
749 
750 
751 
752 
753 
754 
755 
8947 
756 
757 
758 
759 
760 
8952 
761 
762 
763 
8960 
8967 
8973 
8974 
8979 
8994 
8995 
806 
807 
808 
9006 
9007 
817 
4919 
829 
9028 
9029 
9030 
9031 
9034 
9038 
9039 
9040 
9041 
9042 
9043 
853 
4950 
861 
862 
863 
864 
866 
9058 
867 
868 
4964 
869 
870 
9062 
871 
872 
873 
874 
875 
9067 
876 
877 
878 
879 
880 
9072 
881 
882 
883 
884 
885 
886 
887 
888 
889 
890 
891 
892 
893 
894 
895 
896 
897 
898 
899 
900 
901 
5013 
9126 
9133 
953 
954 
955 
956 
5053 
9155 
966 
9159 
5064 
9166 
979 
9172 
5077 
9177 
9178 
5086 
9182 
5087 
5088 
5089 
5090 
5091 
5092 
5093 
5094 
5095 
5096 
5097 
9194 
5098 
9195 
1005 
9203 
5108 
1013 
1014 
1015 
1016 
1017 
1019 
1020 
1021 
5117 
1022 
1023 
1024 
1025 
1026 
1027 
9219 
1028 
9220 
1029 
9221 
1030 
1031 
9223 
1032 
1033 
1034 
9226 
1035 
9227 
1036 
9228 
1037 
9229 
1038 
1039 
1040 
1041 
1042 
1043 
1044 
5140 
1045 
5141 
1046 
1047 
1048 
9240 
1049 
1050 
1051 
1052 
1053 
5149 
5150 
1054 
5151 
1055 
5152 
5153 
9249 
9250 
5154 
5155 
5156 
5157 
5158 
5159 
5160 
5161 
5162 
9258 
5163 
5164 
5165 
5166 
5167 
9263 
5168 
5169 
5170 
5171 
5172 
5173 
5174 
5175 
5176 
5177 
5178 
5179 
1117 
1118 
1119 
1120 
1121 
9316 
9322 
1132 
1146 
9340 
9343 
9349 
9350 
9358 
9359 
9362 
1174 
5270 
5275 
9371 
9372 
1182 
1183 
1184 
1185 
1186 
1187 
1189 
1190 
1191 
1192 
1193 
1194 
1195 
1196 
9388 
1197 
9389 
1198 
9390 
1199 
9392 
1200 
1201 
9393 
1202 
9394 
1203 
1204 
1205 
1206 
1207 
1208 
1209 
1210 
1211 
1212 
1213 
1214 
1215 
1216 
5312 
9408 
1217 
9409 
1218 
1219 
1220 
1221 
1222 
1223 
1224 
1225 
9418 
1226 
9419 
5324 
9427 
9432 
5374 
9482 
9488 
1299 
1300 
1301 
1302 
1303 
1304 
9502 
9504 
5411 
1316 
9509 
9510 
9516 
5421 
9517 
9519 
1331 
9525 
5431 
9536 
5441 
9537 
5442 
5443 
5444 
5445 
5446 
5447 
5448 
5449 
5450 
5451 
9547 
5452 
5453 
1361 
9554 
9555 
5462 
1369 
1370 
1371 
1372 
9564 
1373 
9565 
1374 
5470 
1375 
1377 
1378 
1379 
1380 
1381 
9573 
1382 
1383 
1384 
1385 
1386 
9578 
1387 
1388 
1389 
1390 
1391 
1392 
1393 
1394 
1395 
5491 
5492 
1396 
1397 
1398 
1399 
1400 
1401 
1402 
1403 
1404 
5500 
1405 
5501 
1406 
5502 
1407 
5503 
1408 
5504 
1409 
5505 
1410 
5506 
5507 
1411 
5508 
1412 
5509 
1413 
5510 
1414 
5511 
5512 
5513 
5514 
5515 
5516 
5517 
5518 
5519 
5520 
5521 
5522 
5523 
5524 
5525 
5526 
5527 
5528 
9624 
9629 
9640 
9641 
9645 
9646 
9650 
9651 
9673 
9674 
9680 
9681 
9686 
1499 
9691 
1500 
1501 
1502 
1503 
5599 
1504 
1505 
9699 
9704 
1518 
1534 
5632 
5637 
9745 
9749 
9757 
1566 
9760 
9761 
9763 
1574 
1575 
1576 
1577 
1578 
5674 
1579 
1580 
1581 
1583 
1584 
1585 
9777 
1586 
1587 
1588 
1589 
1590 
5686 
1591 
9783 
1592 
9784 
1593 
1594 
1595 
1596 
1597 
9789 
1598 
9790 
1599 
1600 
1601 
1602 
1603 
9795 
1604 
1605 
1606 
1607 
1608 
9800 
1609 
1610 
1611 
1612 
1613 
1614 
1615 
1616 
9808 
1617 
1618 
9810 
1619 
5734 
9848 
9851 
9858 
9859 
5768 
9871 
9872 
5777 
9877 
9881 
5787 
9883 
9888 
5795 
5796 
5797 
9893 
5798 
5799 
5800 
5801 
5802 
9898 
5803 
5804 
5805 
5806 
9903 
5807 
1716 
1718 
1719 
5815 
1720 
1721 
1722 
1723 
1724 
5822 
1738 
9934 
9936 
5841 
5842 
9940 
9942 
5850 
5851 
1755 
5852 
5853 
5854 
9951 
5855 
5856 
9952 
5857 
5858 
5859 
5860 
5861 
5862 
5863 
5864 
9960 
5865 
5866 
9962 
5867 
5868 
5869 
5870 
5871 
9967 
5872 
5873 
5874 
5875 
5876 
9972 
9977 
1788 
9981 
1796 
1797 
1798 
1799 
1800 
1801 
1802 
1803 
1804 
1806 
1807 
1808 
1809 
1810 
1811 
1812 
1813 
10005 
1814 
10006 
1815 
1816 
10008 
1817 
1818 
1819 
1820 
1821 
10013 
1822 
1823 
1824 
1825 
1826 
10018 
1827 
1828 
1829 
1830 
1831 
1832 
1833 
1834 
10026 
1835 
1836 
10028 
1837 
1838 
1839 
1840 
1841 
10033 
10038 
10042 
10045 
5954 
5959 
10062 
10063 
10068 
10073 
10081 
10083 
10088 
5993 
5994 
10092 
10095 
10097 
10108 
10113 
10118 
10123 
10128 
6034 
10132 
10135 
10137 
6044 
1952 
10144 
1953 
1955 
1956 
1957 
10149 
1958 
1959 
1960 
1961 
10154 
10159 
10163 
10166 
1976 
10168 
10172 
10177 
10182 
1994 
10186 
6091 
10189 
10191 
10193 
10198 
10202 
10205 
10207 
10208 
10212 
10215 
10217 
6122 
10218 
2027 
10221 
10223 
10224 
6130 
10226 
2035 
10227 
2036 
2037 
2038 
2039 
2040 
2041 
2042 
2043 
6140 
2044 
2046 
2047 
2048 
2049 
2050 
6146 
2051 
6147 
2052 
6148 
2053 
6149 
6150 
2054 
2055 
6151 
2056 
6152 
2057 
6153 
2058 
6154 
2059 
6155 
2060 
6156 
2061 
6157 
6158 
2062 
2063 
2064 
2065 
2066 
2067 
2068 
2069 
6165 
2070 
2071 
2072 
2073 
2074 
2075 
6171 
2076 
2077 
2078 
2079 
2080 
6188 
6189 
6197 
6198 
6199 
6200 
6201 
6202 
6203 
6204 
6205 
6206 
6207 
6208 
6209 
6210 
6211 
6212 
6213 
6214 
6215 
6216 
6217 
6218 
6219 
6220 
6221 
6299 
2206 
2207 
2208 
2210 
2211 
2212 
2213 
2214 
2215 
6311 
2216 
6316 
2232 
2250 
6351 
6352 
2283 
2291 
2292 
2293 
2294 
6390 
2295 
2296 
2297 
2298 
2299 
2300 
2301 
2302 
2303 
2304 
6400 
2305 
2306 
2307 
2308 
2309 
2310 
2311 
2312 
2313 
2314 
2315 
2316 
2317 
2318 
2319 
2320 
2321 
2322 
2323 
2324 
2325 
2326 
2327 
2328 
2329 
2330 
2331 
2332 
2333 
2334 
2335 
6443 
6471 
6478 
6488 
6492 
6493 
6494 
6495 
6496 
6497 
6498 
6499 
6500 
6501 
6502 
6503 
6504 
6510 
6515 
6530 
6531 
6539 
6540 
6541 
6542 
6543 
6544 
6545 
6546 
6547 
6548 
6549 
6550 
6551 
6552 
6553 
6554 
6555 
6556 
6557 
6558 
6559 
6560 
6561 
2477 
2478 
2479 
2480 
2482 
2483 
2484 
2485 
2486 
2487 
2488 
2505 
2521 
2522 
6639 
2555 
6651 
2556 
2564 
2565 
6661 
2566 
2567 
2568 
2569 
2570 
2571 
2572 
6668 
2573 
2574 
2575 
2576 
2577 
2578 
2579 
2580 
2581 
2582 
2583 
2584 
2585 
2586 
2587 
2588 
2589 
2590 
2591 
2592 
2593 
2594 
2595 
2596 
2597 
2598 
2599 
2600 
2601 
2602 
2603 
2604 
2605 
6703 
6704 
6739 
6747 
6788 
6813 
6819 
6827 
6831 
6832 
6833 
6834 
6835 
6836 
6837 
6838 
6839 
6840 
6841 
6842 
6850 
2764 
2765 
2766 
2767 
6863 
2768 
6864 
2770 
2771 
2772 
2773 
2774 
2775 
2776 
6872 
6873 
6874 
6875 
6876 
6877 
6878 
6879 
6880 
6881 
6882 
6883 
6884 
6885 
6886 
6887 
6888 
2792 
6889 
2793 
6890 
6891 
6892 
2808 
2840 
2841 
2849 
2850 
2851 
2852 
2853 
2854 
2855 
2856 
2857 
2858 
2859 
2860 
2861 
2862 
2863 
2864 
2865 
2866 
2867 
2868 
2869 
2870 
2871 
2872 
6968 
2873 
2874 
2875 
2876 
2877 
2878 
2879 
2880 
2881 
2882 
2883 
2884 
2885 
2886 
6982 
2887 
2888 
2889 
6994 
7004 
7011 
7043 
7044 
7076 
7084 
7121 
7143 
7148 
3059 
7156 
7159 
7160 
3065 
7161 
3066 
7162 
3067 
7163 
3068 
7164 
3069 
7165 
3070 
7166 
7167 
3072 
7168 
3073 
7169 
3074 
3075 
3076 
3077 
3078 
7175 
7186 
7187 
3093 
7195 
7196 
7197 
7198 
7199 
7200 
7201 
7202 
3107 
7203 
7204 
7205 
7206 
7207 
7208 
7209 
7210 
7211 
7212 
7213 
3138 
3139 
3147 
3148 
3149 
3150 
3151 
3152 
3153 
3154 
3155 
3156 
3157 
3158 
3159 
3160 
3161 
3162 
3163 
3164 
3165 
3166 
3167 
3168 
3169 
3170 
3171 
3172 
3173 
3174 
3175 
3176 
3177 
3178 
3179 
3180 
3181 
3182 
3183 
3184 
3185 
3186 
7290 
7300 
7312 
7326 
7335 
7342 
7371 
7372 
7401 
7408 
7442 
3354 
7461 
3368 
7465 
7473 
3378 
3379 
7475 
3380 
7476 
3381 
7477 
3382 
7478 
3383 
7479 
3384 
7480 
7481 
3386 
7482 
3387 
7483 
3388 
7484 
3389 
3390 
3391 
7488 
7497 
7498 
3405 
7506 
7507 
7508 
7509 
7510 
7511 
7512 
7513 
3418 
7514 
7515 
7516 
7517 
7518 
7519 
7520 
7521 
7522 
3448 
3449 
3457 
3458 
3459 
3460 
3461 
3462 
3463 
3464 
3465 
3466 
3467 
3468 
3469 
3470 
3471 
3472 
3473 
3474 
3475 
3476 
3477 
3478 
3479 
3480 
3481 
3482 
3483 
3484 
3485 
3486 
3487 
3488 
3489 
3490 
3491 
3492 
3493 
3494 
3495 
7599 
7609 
7619 
7631 
7644 
7653 
7655 
7685 
7686 
7712 
7718 
7749 
3663 
7765 
7768 
3678 
7776 
7777 
7778 
7779 
7780 
7781 
7782 
7783 
7784 
7785 
7787 
3692 
7795 
3702 
3703 
3704 
3705 
3706 
3707 
7803 
7804 
3708 
3709 
7805 
7806 
3711 
7807 
3712 
7808 
3713 
7809 
3714 
7810 
3715 
7811 
7812 
7813 
7814 
7815 
7816 
7817 
7818 
3728 
3740 
3769 
3770 
7873 
3778 
3779 
3780 
3781 
3782 
3783 
3784 
3785 
3786 
3787 
3788 
3789 
3790 
3791 
3792 
3793 
3794 
3795 
3796 
3797 
3798 
3799 
3800 
3801 
3802 
3803 
3804 
3805 
3806 
3807 
3808 
3809 
7905 
3810 
3811 
3812 
3813 
3814 
3815 
3816 
7914 
7924 
7935 
7947 
7956 
7957 
7984 
7985 
8008 
8013 
8041 
8054 
3959 
8056 
8063 
8064 
8065 
8066 
8067 
8068 
8069 
8070 
8071 
8078 
8086 
8087 
8088 
8089 
8090 
8091 
8092 
8093 
8094 
8095 
3999 
8096 
8097 
8098 
8099 
4013 
4027 
4037 
4038 
4039 
4040 
4041 
4042 
4043 
4044 
4045 
4047 
4048 
4049 
4050 
8154 
4062 
8162 
4073 
)

// ************************************************************************* //
